time,t2m
2015-01-01 00:00:00,276.19263
2015-01-01 01:00:00,276.16666
2015-01-01 02:00:00,275.84586
2015-01-01 03:00:00,275.6259
2015-01-01 04:00:00,276.8862
2015-01-01 05:00:00,284.55347
2015-01-01 06:00:00,286.02917
2015-01-01 07:00:00,286.5394
2015-01-01 08:00:00,291.12543
2015-01-01 09:00:00,291.3026
2015-01-01 10:00:00,289.2968
2015-01-01 11:00:00,289.8819
2015-01-01 12:00:00,290.61517
2015-01-01 13:00:00,290.78476
2015-01-01 14:00:00,287.13977
2015-01-01 15:00:00,285.3891
2015-01-01 16:00:00,283.81104
2015-01-01 17:00:00,281.1025
2015-01-01 18:00:00,280.49756
2015-01-01 19:00:00,280.24396
2015-01-01 20:00:00,278.80798
2015-01-01 21:00:00,278.47037
2015-01-01 22:00:00,276.67538
2015-01-01 23:00:00,276.3958
2015-01-02 00:00:00,276.05057
2015-01-02 01:00:00,275.76642
2015-01-02 02:00:00,275.50214
2015-01-02 03:00:00,275.39978
2015-01-02 04:00:00,275.91766
2015-01-02 05:00:00,284.35486
2015-01-02 06:00:00,285.72977
2015-01-02 07:00:00,286.2247
2015-01-02 08:00:00,290.7771
2015-01-02 09:00:00,290.826
2015-01-02 10:00:00,289.086
2015-01-02 11:00:00,289.29376
2015-01-02 12:00:00,289.53513
2015-01-02 13:00:00,288.84464
2015-01-02 14:00:00,285.7313
2015-01-02 15:00:00,284.68027
2015-01-02 16:00:00,284.79788
2015-01-02 17:00:00,283.80798
2015-01-02 18:00:00,283.68423
2015-01-02 19:00:00,282.7982
2015-01-02 20:00:00,281.2522
2015-01-02 21:00:00,280.19202
2015-01-02 22:00:00,279.5825
2015-01-02 23:00:00,279.03253
2015-01-03 00:00:00,279.06003
2015-01-03 01:00:00,278.93475
2015-01-03 02:00:00,278.4948
2015-01-03 03:00:00,277.9143
2015-01-03 04:00:00,277.90817
2015-01-03 05:00:00,283.229
2015-01-03 06:00:00,283.74838
2015-01-03 07:00:00,283.6827
2015-01-03 08:00:00,283.42148
2015-01-03 09:00:00,284.2128
2015-01-03 10:00:00,286.27054
2015-01-03 11:00:00,286.3668
2015-01-03 12:00:00,286.0093
2015-01-03 13:00:00,286.09946
2015-01-03 14:00:00,283.45966
2015-01-03 15:00:00,283.28857
2015-01-03 16:00:00,282.3674
2015-01-03 17:00:00,280.03314
2015-01-03 18:00:00,280.3127
2015-01-03 19:00:00,280.00412
2015-01-03 20:00:00,278.90573
2015-01-03 21:00:00,278.45203
2015-01-03 22:00:00,277.85318
2015-01-03 23:00:00,277.70197
2015-01-04 00:00:00,278.2412
2015-01-04 01:00:00,278.0869
2015-01-04 02:00:00,278.02734
2015-01-04 03:00:00,278.10068
2015-01-04 04:00:00,277.88376
2015-01-04 05:00:00,282.08478
2015-01-04 06:00:00,282.59042
2015-01-04 07:00:00,282.71875
2015-01-04 08:00:00,286.64023
2015-01-04 09:00:00,286.75174
2015-01-04 10:00:00,285.99405
2015-01-04 11:00:00,286.29346
2015-01-04 12:00:00,285.81836
2015-01-04 13:00:00,286.00626
2015-01-04 14:00:00,284.07684
2015-01-04 15:00:00,283.91183
2015-01-04 16:00:00,283.7102
2015-01-04 17:00:00,282.3674
2015-01-04 18:00:00,282.15506
2015-01-04 19:00:00,282.06033
2015-01-04 20:00:00,280.89017
2015-01-04 21:00:00,279.95523
2015-01-04 22:00:00,279.28003
2015-01-04 23:00:00,278.93475
2015-01-05 00:00:00,278.9913
2015-01-05 01:00:00,279.13336
2015-01-05 02:00:00,279.3335
2015-01-05 03:00:00,279.22195
2015-01-05 04:00:00,278.82172
2015-01-05 05:00:00,282.7432
2015-01-05 06:00:00,284.49237
2015-01-05 07:00:00,285.12787
2015-01-05 08:00:00,287.50946
2015-01-05 09:00:00,287.93567
2015-01-05 10:00:00,286.6662
2015-01-05 11:00:00,286.29346
2015-01-05 12:00:00,285.92834
2015-01-05 13:00:00,286.5547
2015-01-05 14:00:00,284.6665
2015-01-05 15:00:00,284.54123
2015-01-05 16:00:00,284.2128
2015-01-05 17:00:00,282.43307
2015-01-05 18:00:00,282.2681
2015-01-05 19:00:00,282.10464
2015-01-05 20:00:00,280.61365
2015-01-05 21:00:00,280.52963
2015-01-05 22:00:00,279.59473
2015-01-05 23:00:00,279.7765
2015-01-06 00:00:00,279.81165
2015-01-06 01:00:00,279.7322
2015-01-06 02:00:00,279.36557
2015-01-06 03:00:00,278.62772
2015-01-06 04:00:00,278.57578
2015-01-06 05:00:00,283.7988
2015-01-06 06:00:00,284.73373
2015-01-06 07:00:00,285.43338
2015-01-06 08:00:00,289.21432
2015-01-06 09:00:00,289.64664
2015-01-06 10:00:00,288.00748
2015-01-06 11:00:00,288.13733
2015-01-06 12:00:00,288.18927
2015-01-06 13:00:00,288.41537
2015-01-06 14:00:00,285.63504
2015-01-06 15:00:00,285.22714
2015-01-06 16:00:00,284.43277
2015-01-06 17:00:00,282.07257
2015-01-06 18:00:00,281.4233
2015-01-06 19:00:00,280.7817
2015-01-06 20:00:00,279.9033
2015-01-06 21:00:00,279.87274
2015-01-06 22:00:00,278.39703
2015-01-06 23:00:00,278.3176
2015-01-07 00:00:00,278.064
2015-01-07 01:00:00,277.85623
2015-01-07 02:00:00,277.6103
2015-01-07 03:00:00,278.12207
2015-01-07 04:00:00,278.15414
2015-01-07 05:00:00,284.8269
2015-01-07 06:00:00,286.2568
2015-01-07 07:00:00,286.987
2015-01-07 08:00:00,288.22592
2015-01-07 09:00:00,290.163
2015-01-07 10:00:00,290.02094
2015-01-07 11:00:00,290.05453
2015-01-07 12:00:00,290.68393
2015-01-07 13:00:00,290.36923
2015-01-07 14:00:00,285.50214
2015-01-07 15:00:00,284.81165
2015-01-07 16:00:00,284.1914
2015-01-07 17:00:00,282.86542
2015-01-07 18:00:00,282.4163
2015-01-07 19:00:00,281.92743
2015-01-07 20:00:00,280.37076
2015-01-07 21:00:00,280.26382
2015-01-07 22:00:00,278.339
2015-01-07 23:00:00,278.15262
2015-01-08 00:00:00,277.9968
2015-01-08 01:00:00,277.8593
2015-01-08 02:00:00,276.68454
2015-01-08 03:00:00,276.18347
2015-01-08 04:00:00,277.1077
2015-01-08 05:00:00,284.1074
2015-01-08 06:00:00,284.5443
2015-01-08 07:00:00,284.87274
2015-01-08 08:00:00,289.28918
2015-01-08 09:00:00,289.39917
2015-01-08 10:00:00,287.5828
2015-01-08 11:00:00,287.48502
2015-01-08 12:00:00,287.35516
2015-01-08 13:00:00,287.24518
2015-01-08 14:00:00,285.5495
2015-01-08 15:00:00,284.79178
2015-01-08 16:00:00,284.4129
2015-01-08 17:00:00,282.86694
2015-01-08 18:00:00,281.56537
2015-01-08 19:00:00,280.59225
2015-01-08 20:00:00,279.2525
2015-01-08 21:00:00,277.7646
2015-01-08 22:00:00,277.262
2015-01-08 23:00:00,276.90604
2015-01-09 00:00:00,276.67386
2015-01-09 01:00:00,276.17584
2015-01-09 02:00:00,275.7313
2015-01-09 03:00:00,276.0582
2015-01-09 04:00:00,276.47525
2015-01-09 05:00:00,283.25497
2015-01-09 06:00:00,284.7872
2015-01-09 07:00:00,284.9415
2015-01-09 08:00:00,288.3573
2015-01-09 09:00:00,288.14648
2015-01-09 10:00:00,287.52322
2015-01-09 11:00:00,287.45294
2015-01-09 12:00:00,287.17337
2015-01-09 13:00:00,287.06796
2015-01-09 14:00:00,283.5987
2015-01-09 15:00:00,283.96225
2015-01-09 16:00:00,283.85992
2015-01-09 17:00:00,282.2131
2015-01-09 18:00:00,281.463
2015-01-09 19:00:00,280.10648
2015-01-09 20:00:00,279.1975
2015-01-09 21:00:00,276.5501
2015-01-09 22:00:00,276.91522
2015-01-09 23:00:00,276.56537
2015-01-10 00:00:00,277.03284
2015-01-10 01:00:00,276.9595
2015-01-10 02:00:00,276.64636
2015-01-10 03:00:00,276.97327
2015-01-10 04:00:00,278.14957
2015-01-10 05:00:00,283.07623
2015-01-10 06:00:00,284.8422
2015-01-10 07:00:00,286.58066
2015-01-10 08:00:00,289.47708
2015-01-10 09:00:00,289.54276
2015-01-10 10:00:00,288.69644
2015-01-10 11:00:00,288.82324
2015-01-10 12:00:00,289.0417
2015-01-10 13:00:00,289.39154
2015-01-10 14:00:00,285.3509
2015-01-10 15:00:00,284.91092
2015-01-10 16:00:00,284.55804
2015-01-10 17:00:00,282.40405
2015-01-10 18:00:00,281.77313
2015-01-10 19:00:00,281.09946
2015-01-10 20:00:00,279.306
2015-01-10 21:00:00,278.8981
2015-01-10 22:00:00,277.3613
2015-01-10 23:00:00,277.36588
2015-01-11 00:00:00,277.57364
2015-01-11 01:00:00,277.36282
2015-01-11 02:00:00,277.1734
2015-01-11 03:00:00,276.85104
2015-01-11 04:00:00,277.34906
2015-01-11 05:00:00,284.31363
2015-01-11 06:00:00,286.01236
2015-01-11 07:00:00,287.8089
2015-01-11 08:00:00,288.4627
2015-01-11 09:00:00,290.51282
2015-01-11 10:00:00,290.74197
2015-01-11 11:00:00,290.27603
2015-01-11 12:00:00,290.8703
2015-01-11 13:00:00,290.27603
2015-01-11 14:00:00,289.804
2015-01-11 15:00:00,285.29285
2015-01-11 16:00:00,284.2617
2015-01-11 17:00:00,283.06094
2015-01-11 18:00:00,282.44684
2015-01-11 19:00:00,281.47983
2015-01-11 20:00:00,280.21494
2015-01-11 21:00:00,279.93997
2015-01-11 22:00:00,278.42453
2015-01-11 23:00:00,277.68973
2015-01-12 00:00:00,278.9531
2015-01-12 01:00:00,278.79575
2015-01-12 02:00:00,278.5437
2015-01-12 03:00:00,279.68484
2015-01-12 04:00:00,280.08508
2015-01-12 05:00:00,284.04016
2015-01-12 06:00:00,285.771
2015-01-12 07:00:00,286.02155
2015-01-12 08:00:00,287.95248
2015-01-12 09:00:00,287.43155
2015-01-12 10:00:00,286.7991
2015-01-12 11:00:00,286.67996
2015-01-12 12:00:00,287.10312
2015-01-12 13:00:00,286.96255
2015-01-12 14:00:00,285.09424
2015-01-12 15:00:00,284.95065
2015-01-12 16:00:00,285.1752
2015-01-12 17:00:00,284.06308
2015-01-12 18:00:00,283.7774
2015-01-12 19:00:00,283.06094
2015-01-12 20:00:00,281.84952
2015-01-12 21:00:00,281.4936
2015-01-12 22:00:00,280.0255
2015-01-12 23:00:00,279.4939
2015-01-13 00:00:00,279.031
2015-01-13 01:00:00,279.39917
2015-01-13 02:00:00,280.62283
2015-01-13 03:00:00,280.9696
2015-01-13 04:00:00,281.71814
2015-01-13 05:00:00,283.9378
2015-01-13 06:00:00,284.23724
2015-01-13 07:00:00,284.33194
2015-01-13 08:00:00,284.10587
2015-01-13 09:00:00,283.7224
2015-01-13 10:00:00,283.14496
2015-01-13 11:00:00,283.23663
2015-01-13 12:00:00,283.18317
2015-01-13 13:00:00,283.52536
2015-01-13 14:00:00,282.6042
2015-01-13 15:00:00,281.9198
2015-01-13 16:00:00,281.69064
2015-01-13 17:00:00,281.40497
2015-01-13 18:00:00,280.20425
2015-01-13 19:00:00,280.12787
2015-01-13 20:00:00,279.9262
2015-01-13 21:00:00,279.95065
2015-01-13 22:00:00,280.33716
2015-01-13 23:00:00,280.45325
2015-01-14 00:00:00,280.51282
2015-01-14 01:00:00,280.76337
2015-01-14 02:00:00,280.88098
2015-01-14 03:00:00,279.55194
2015-01-14 04:00:00,279.778
2015-01-14 05:00:00,282.262
2015-01-14 06:00:00,282.2742
2015-01-14 07:00:00,282.73557
2015-01-14 08:00:00,285.70227
2015-01-14 09:00:00,286.0154
2015-01-14 10:00:00,285.06064
2015-01-14 11:00:00,285.20117
2015-01-14 12:00:00,285.01175
2015-01-14 13:00:00,286.2186
2015-01-14 14:00:00,284.16544
2015-01-14 15:00:00,284.38696
2015-01-14 16:00:00,284.81317
2015-01-14 17:00:00,283.88895
2015-01-14 18:00:00,284.26016
2015-01-14 19:00:00,284.07227
2015-01-14 20:00:00,283.26108
2015-01-14 21:00:00,281.85715
2015-01-14 22:00:00,280.18286
2015-01-14 23:00:00,279.78873
2015-01-15 00:00:00,279.0249
2015-01-15 01:00:00,278.8813
2015-01-15 02:00:00,278.52078
2015-01-15 03:00:00,278.71326
2015-01-15 04:00:00,277.64236
2015-01-15 05:00:00,283.2687
2015-01-15 06:00:00,283.68423
2015-01-15 07:00:00,284.1074
2015-01-15 08:00:00,287.12604
2015-01-15 09:00:00,287.23755
2015-01-15 10:00:00,286.6876
2015-01-15 11:00:00,286.75787
2015-01-15 12:00:00,286.66772
2015-01-15 13:00:00,287.63168
2015-01-15 14:00:00,285.1294
2015-01-15 15:00:00,285.5281
2015-01-15 16:00:00,284.96747
2015-01-15 17:00:00,282.94485
2015-01-15 18:00:00,281.91522
2015-01-15 19:00:00,281.34235
2015-01-15 20:00:00,280.1019
2015-01-15 21:00:00,280.0026
2015-01-15 22:00:00,277.96777
2015-01-15 23:00:00,277.81958
2015-01-16 00:00:00,278.119
2015-01-16 01:00:00,278.09763
2015-01-16 02:00:00,278.21524
2015-01-16 03:00:00,279.02643
2015-01-16 04:00:00,280.70074
2015-01-16 05:00:00,283.55896
2015-01-16 06:00:00,285.6045
2015-01-16 07:00:00,286.14984
2015-01-16 08:00:00,289.15475
2015-01-16 09:00:00,289.34875
2015-01-16 10:00:00,289.3182
2015-01-16 11:00:00,289.50458
2015-01-16 12:00:00,289.7154
2015-01-16 13:00:00,290.3173
2015-01-16 14:00:00,287.69583
2015-01-16 15:00:00,286.4783
2015-01-16 16:00:00,285.29742
2015-01-16 17:00:00,282.56903
2015-01-16 18:00:00,282.43768
2015-01-16 19:00:00,281.52414
2015-01-16 20:00:00,279.70013
2015-01-16 21:00:00,278.7377
2015-01-16 22:00:00,277.64084
2015-01-16 23:00:00,277.3735
2015-01-17 00:00:00,277.04965
2015-01-17 01:00:00,276.77927
2015-01-17 02:00:00,276.45996
2015-01-17 03:00:00,276.98242
2015-01-17 04:00:00,277.46057
2015-01-17 05:00:00,284.74442
2015-01-17 06:00:00,285.90695
2015-01-17 07:00:00,286.35913
2015-01-17 08:00:00,287.27573
2015-01-17 09:00:00,289.7429
2015-01-17 10:00:00,289.10587
2015-01-17 11:00:00,289.16238
2015-01-17 12:00:00,289.8147
2015-01-17 13:00:00,289.48013
2015-01-17 14:00:00,286.39734
2015-01-17 15:00:00,286.57913
2015-01-17 16:00:00,285.19812
2015-01-17 17:00:00,282.41476
2015-01-17 18:00:00,282.34448
2015-01-17 19:00:00,280.55713
2015-01-17 20:00:00,278.9592
2015-01-17 21:00:00,278.82935
2015-01-17 22:00:00,277.60724
2015-01-17 23:00:00,277.51404
2015-01-18 00:00:00,277.44684
2015-01-18 01:00:00,277.05728
2015-01-18 02:00:00,276.53482
2015-01-18 03:00:00,277.5767
2015-01-18 04:00:00,277.02673
2015-01-18 05:00:00,283.45508
2015-01-18 06:00:00,284.75818
2015-01-18 07:00:00,285.4731
2015-01-18 08:00:00,288.8263
2015-01-18 09:00:00,288.9256
2015-01-18 10:00:00,288.44897
2015-01-18 11:00:00,288.66895
2015-01-18 12:00:00,289.40527
2015-01-18 13:00:00,289.07227
2015-01-18 14:00:00,286.08417
2015-01-18 15:00:00,286.09485
2015-01-18 16:00:00,285.78934
2015-01-18 17:00:00,283.892
2015-01-18 18:00:00,283.05637
2015-01-18 19:00:00,282.17337
2015-01-18 20:00:00,280.18286
2015-01-18 21:00:00,279.37015
2015-01-18 22:00:00,278.23206
2015-01-18 23:00:00,277.75082
2015-01-19 00:00:00,278.50702
2015-01-19 01:00:00,278.11288
2015-01-19 02:00:00,278.14648
2015-01-19 03:00:00,278.00137
2015-01-19 04:00:00,278.72855
2015-01-19 05:00:00,285.11563
2015-01-19 06:00:00,286.0857
2015-01-19 07:00:00,285.91
2015-01-19 08:00:00,289.37778
2015-01-19 09:00:00,289.46637
2015-01-19 10:00:00,289.1196
2015-01-19 11:00:00,289.42667
2015-01-19 12:00:00,289.60236
2015-01-19 13:00:00,289.28613
2015-01-19 14:00:00,286.03833
2015-01-19 15:00:00,284.74594
2015-01-19 16:00:00,284.46945
2015-01-19 17:00:00,282.69583
2015-01-19 18:00:00,282.69125
2015-01-19 19:00:00,282.52017
2015-01-19 20:00:00,279.8697
2015-01-19 21:00:00,279.1303
2015-01-19 22:00:00,277.4346
2015-01-19 23:00:00,276.9962
2015-01-20 00:00:00,276.71967
2015-01-20 01:00:00,276.81897
2015-01-20 02:00:00,277.86542
2015-01-20 03:00:00,278.02582
2015-01-20 04:00:00,278.2244
2015-01-20 05:00:00,283.44592
2015-01-20 06:00:00,284.86053
2015-01-20 07:00:00,285.15384
2015-01-20 08:00:00,288.70563
2015-01-20 09:00:00,288.7988
2015-01-20 10:00:00,288.08386
2015-01-20 11:00:00,288.1755
2015-01-20 12:00:00,288.27023
2015-01-20 13:00:00,289.27084
2015-01-20 14:00:00,286.60052
2015-01-20 15:00:00,284.95676
2015-01-20 16:00:00,284.5672
2015-01-20 17:00:00,283.53757
2015-01-20 18:00:00,283.53452
2015-01-20 19:00:00,283.92407
2015-01-20 20:00:00,283.10373
2015-01-20 21:00:00,283.02124
2015-01-20 22:00:00,281.3301
2015-01-20 23:00:00,280.5999
2015-01-21 00:00:00,280.4288
2015-01-21 01:00:00,280.37076
2015-01-21 02:00:00,281.3026
2015-01-21 03:00:00,281.29346
2015-01-21 04:00:00,281.21707
2015-01-21 05:00:00,283.45508
2015-01-21 06:00:00,283.2794
2015-01-21 07:00:00,283.07776
2015-01-21 08:00:00,283.05484
2015-01-21 09:00:00,283.4719
2015-01-21 10:00:00,282.17184
2015-01-21 11:00:00,282.17032
2015-01-21 12:00:00,282.32767
2015-01-21 13:00:00,282.24365
2015-01-21 14:00:00,280.89932
2015-01-21 15:00:00,280.15994
2015-01-21 16:00:00,279.8987
2015-01-21 17:00:00,279.39
2015-01-21 18:00:00,279.16238
2015-01-21 19:00:00,279.2571
2015-01-21 20:00:00,278.91187
2015-01-21 21:00:00,278.9745
2015-01-21 22:00:00,278.58493
2015-01-21 23:00:00,278.78354
2015-01-22 00:00:00,278.89505
2015-01-22 01:00:00,278.91034
2015-01-22 02:00:00,279.21738
2015-01-22 03:00:00,279.1578
2015-01-22 04:00:00,279.37167
2015-01-22 05:00:00,280.47922
2015-01-22 06:00:00,280.47006
2015-01-22 07:00:00,280.52048
2015-01-22 08:00:00,282.41016
2015-01-22 09:00:00,282.7936
2015-01-22 10:00:00,282.76764
2015-01-22 11:00:00,282.92804
2015-01-22 12:00:00,282.56598
2015-01-22 13:00:00,283.4948
2015-01-22 14:00:00,282.44684
2015-01-22 15:00:00,282.52933
2015-01-22 16:00:00,282.56445
2015-01-22 17:00:00,281.29956
2015-01-22 18:00:00,279.88342
2015-01-22 19:00:00,278.64145
2015-01-22 20:00:00,277.59195
2015-01-22 21:00:00,277.43616
2015-01-22 22:00:00,277.8914
2015-01-22 23:00:00,277.89597
2015-01-23 00:00:00,278.09763
2015-01-23 01:00:00,278.12512
2015-01-23 02:00:00,278.3054
2015-01-23 03:00:00,278.56967
2015-01-23 04:00:00,278.9195
2015-01-23 05:00:00,281.81287
2015-01-23 06:00:00,282.0298
2015-01-23 07:00:00,282.67905
2015-01-23 08:00:00,282.81653
2015-01-23 09:00:00,284.55804
2015-01-23 10:00:00,283.892
2015-01-23 11:00:00,283.5116
2015-01-23 12:00:00,284.24487
2015-01-23 13:00:00,284.72455
2015-01-23 14:00:00,283.4123
2015-01-23 15:00:00,282.76764
2015-01-23 16:00:00,281.9916
2015-01-23 17:00:00,280.43033
2015-01-23 18:00:00,279.0188
2015-01-23 19:00:00,278.78812
2015-01-23 20:00:00,278.07166
2015-01-23 21:00:00,278.02582
2015-01-23 22:00:00,276.45996
2015-01-23 23:00:00,276.58676
2015-01-24 00:00:00,277.0145
2015-01-24 01:00:00,277.22687
2015-01-24 02:00:00,277.4774
2015-01-24 03:00:00,278.10373
2015-01-24 04:00:00,277.6393
2015-01-24 05:00:00,281.48288
2015-01-24 06:00:00,282.4285
2015-01-24 07:00:00,282.97388
2015-01-24 08:00:00,284.914
2015-01-24 09:00:00,285.08813
2015-01-24 10:00:00,285.3081
2015-01-24 11:00:00,285.6167
2015-01-24 12:00:00,285.5678
2015-01-24 13:00:00,285.82446
2015-01-24 14:00:00,286.06735
2015-01-24 15:00:00,283.1083
2015-01-24 16:00:00,281.95187
2015-01-24 17:00:00,280.67322
2015-01-24 18:00:00,280.64572
2015-01-24 19:00:00,279.85745
2015-01-24 20:00:00,279.0417
2015-01-24 21:00:00,278.51465
2015-01-24 22:00:00,277.80276
2015-01-24 23:00:00,277.63474
2015-01-25 00:00:00,277.35825
2015-01-25 01:00:00,277.24365
2015-01-25 02:00:00,277.02673
2015-01-25 03:00:00,277.85318
2015-01-25 04:00:00,279.63443
2015-01-25 05:00:00,282.4835
2015-01-25 06:00:00,284.14404
2015-01-25 07:00:00,284.5122
2015-01-25 08:00:00,286.05972
2015-01-25 09:00:00,285.9589
2015-01-25 10:00:00,286.36066
2015-01-25 11:00:00,286.4004
2015-01-25 12:00:00,285.90237
2015-01-25 13:00:00,284.68637
2015-01-25 14:00:00,282.66528
2015-01-25 15:00:00,281.7594
2015-01-25 16:00:00,281.90604
2015-01-25 17:00:00,280.27756
2015-01-25 18:00:00,280.3173
2015-01-25 19:00:00,279.79483
2015-01-25 20:00:00,279.51987
2015-01-25 21:00:00,279.08447
2015-01-25 22:00:00,278.24884
2015-01-25 23:00:00,277.78598
2015-01-26 00:00:00,277.92346
2015-01-26 01:00:00,278.06552
2015-01-26 02:00:00,278.1801
2015-01-26 03:00:00,278.69492
2015-01-26 04:00:00,278.3741
2015-01-26 05:00:00,280.46396
2015-01-26 06:00:00,280.73282
2015-01-26 07:00:00,281.18195
2015-01-26 08:00:00,283.42148
2015-01-26 09:00:00,283.39246
2015-01-26 10:00:00,282.53085
2015-01-26 11:00:00,282.2284
2015-01-26 12:00:00,282.24976
2015-01-26 13:00:00,282.46823
2015-01-26 14:00:00,281.62802
2015-01-26 15:00:00,280.67017
2015-01-26 16:00:00,280.6335
2015-01-26 17:00:00,279.52444
2015-01-26 18:00:00,279.02338
2015-01-26 19:00:00,278.4077
2015-01-26 20:00:00,277.77835
2015-01-26 21:00:00,277.58585
2015-01-26 22:00:00,276.1728
2015-01-26 23:00:00,276.84036
2015-01-27 00:00:00,276.66162
2015-01-27 01:00:00,276.16818
2015-01-27 02:00:00,276.04446
2015-01-27 03:00:00,276.5837
2015-01-27 04:00:00,276.62955
2015-01-27 05:00:00,278.93018
2015-01-27 06:00:00,279.67416
2015-01-27 07:00:00,280.29437
2015-01-27 08:00:00,280.72058
2015-01-27 09:00:00,281.69827
2015-01-27 10:00:00,282.43002
2015-01-27 11:00:00,282.61182
2015-01-27 12:00:00,283.00595
2015-01-27 13:00:00,283.68576
2015-01-27 14:00:00,281.60358
2015-01-27 15:00:00,280.18896
2015-01-27 16:00:00,278.976
2015-01-27 17:00:00,276.54553
2015-01-27 18:00:00,276.6479
2015-01-27 19:00:00,276.52872
2015-01-27 20:00:00,275.51437
2015-01-27 21:00:00,274.74747
2015-01-27 22:00:00,274.06155
2015-01-27 23:00:00,273.97906
2015-01-28 00:00:00,273.80185
2015-01-28 01:00:00,273.66132
2015-01-28 02:00:00,273.2183
2015-01-28 03:00:00,273.89505
2015-01-28 04:00:00,274.44196
2015-01-28 05:00:00,280.84433
2015-01-28 06:00:00,282.44684
2015-01-28 07:00:00,283.2061
2015-01-28 08:00:00,286.52567
2015-01-28 09:00:00,286.09485
2015-01-28 10:00:00,286.06125
2015-01-28 11:00:00,285.6946
2015-01-28 12:00:00,286.26596
2015-01-28 13:00:00,287.0863
2015-01-28 14:00:00,285.20578
2015-01-28 15:00:00,284.37473
2015-01-28 16:00:00,283.50854
2015-01-28 17:00:00,281.81897
2015-01-28 18:00:00,281.39124
2015-01-28 19:00:00,280.58157
2015-01-28 20:00:00,279.51068
2015-01-28 21:00:00,278.51007
2015-01-28 22:00:00,277.78293
2015-01-28 23:00:00,277.56293
2015-01-29 00:00:00,277.57974
2015-01-29 01:00:00,277.56598
2015-01-29 02:00:00,276.7716
2015-01-29 03:00:00,276.51498
2015-01-29 04:00:00,277.0252
2015-01-29 05:00:00,282.17493
2015-01-29 06:00:00,282.7096
2015-01-29 07:00:00,282.85776
2015-01-29 08:00:00,284.84372
2015-01-29 09:00:00,285.43033
2015-01-29 10:00:00,284.57486
2015-01-29 11:00:00,284.5886
2015-01-29 12:00:00,285.00412
2015-01-29 13:00:00,284.6665
2015-01-29 14:00:00,282.71875
2015-01-29 15:00:00,282.7814
2015-01-29 16:00:00,282.47128
2015-01-29 17:00:00,279.7368
2015-01-29 18:00:00,278.93628
2015-01-29 19:00:00,277.82568
2015-01-29 20:00:00,277.0313
2015-01-29 21:00:00,275.97113
2015-01-29 22:00:00,276.15292
2015-01-29 23:00:00,276.13153
2015-01-30 00:00:00,276.35916
2015-01-30 01:00:00,276.26138
2015-01-30 02:00:00,275.86267
2015-01-30 03:00:00,276.27054
2015-01-30 04:00:00,275.9696
2015-01-30 05:00:00,281.7869
2015-01-30 06:00:00,282.4896
2015-01-30 07:00:00,283.20914
2015-01-30 08:00:00,285.7007
2015-01-30 09:00:00,286.075
2015-01-30 10:00:00,285.65643
2015-01-30 11:00:00,286.02002
2015-01-30 12:00:00,286.50885
2015-01-30 13:00:00,287.20395
2015-01-30 14:00:00,284.40985
2015-01-30 15:00:00,284.80246
2015-01-30 16:00:00,284.5275
2015-01-30 17:00:00,281.9534
2015-01-30 18:00:00,280.90085
2015-01-30 19:00:00,280.08813
2015-01-30 20:00:00,278.23816
2015-01-30 21:00:00,277.7982
2015-01-30 22:00:00,276.55774
2015-01-30 23:00:00,276.37442
2015-01-31 00:00:00,276.38052
2015-01-31 01:00:00,276.06125
2015-01-31 02:00:00,276.17584
2015-01-31 03:00:00,276.1911
2015-01-31 04:00:00,276.2003
2015-01-31 05:00:00,282.6943
2015-01-31 06:00:00,283.08386
2015-01-31 07:00:00,284.12573
2015-01-31 08:00:00,288.30078
2015-01-31 09:00:00,288.5498
2015-01-31 10:00:00,288.86142
2015-01-31 11:00:00,289.18225
2015-01-31 12:00:00,288.73923
2015-01-31 13:00:00,289.086
2015-01-31 14:00:00,286.6998
2015-01-31 15:00:00,285.51895
2015-01-31 16:00:00,284.10587
2015-01-31 17:00:00,283.01053
2015-01-31 18:00:00,281.8709
2015-01-31 19:00:00,282.09393
2015-01-31 20:00:00,281.18347
2015-01-31 21:00:00,281.44012
2015-01-31 22:00:00,279.58096
2015-01-31 23:00:00,279.3182
2015-02-01 00:00:00,279.88956
2015-02-01 01:00:00,279.66498
2015-02-01 02:00:00,279.416
2015-02-01 03:00:00,279.9476
2015-02-01 04:00:00,280.07593
2015-02-01 05:00:00,282.7707
2015-02-01 06:00:00,282.79208
2015-02-01 07:00:00,282.7035
2015-02-01 08:00:00,282.87305
2015-02-01 09:00:00,283.13275
2015-02-01 10:00:00,281.0582
2015-02-01 11:00:00,281.10098
2015-02-01 12:00:00,281.14835
2015-02-01 13:00:00,281.47067
2015-02-01 14:00:00,281.67538
2015-02-01 15:00:00,279.4389
2015-02-01 16:00:00,279.69095
2015-02-01 17:00:00,279.7658
2015-02-01 18:00:00,279.72455
2015-02-01 19:00:00,279.9873
2015-02-01 20:00:00,279.95218
2015-02-01 21:00:00,280.04538
2015-02-01 22:00:00,278.72394
2015-02-01 23:00:00,278.80338
2015-02-02 00:00:00,279.2128
2015-02-02 01:00:00,279.26474
2015-02-02 02:00:00,279.9965
2015-02-02 03:00:00,279.749
2015-02-02 04:00:00,279.3396
2015-02-02 05:00:00,281.29498
2015-02-02 06:00:00,281.74564
2015-02-02 07:00:00,281.848
2015-02-02 08:00:00,281.77466
2015-02-02 09:00:00,282.52628
2015-02-02 10:00:00,283.20456
2015-02-02 11:00:00,282.94028
2015-02-02 12:00:00,282.64542
2015-02-02 13:00:00,282.26505
2015-02-02 14:00:00,282.23297
2015-02-02 15:00:00,281.27817
2015-02-02 16:00:00,281.40955
2015-02-02 17:00:00,281.32858
2015-02-02 18:00:00,281.66925
2015-02-02 19:00:00,281.434
2015-02-02 20:00:00,281.29803
2015-02-02 21:00:00,281.0582
2015-02-02 22:00:00,280.25772
2015-02-02 23:00:00,279.96747
2015-02-03 00:00:00,279.65887
2015-02-03 01:00:00,280.15536
2015-02-03 02:00:00,279.48624
2015-02-03 03:00:00,280.01175
2015-02-03 04:00:00,279.4007
2015-02-03 05:00:00,282.40253
2015-02-03 06:00:00,282.15048
2015-02-03 07:00:00,282.01758
2015-02-03 08:00:00,283.3619
2015-02-03 09:00:00,283.44287
2015-02-03 10:00:00,284.12112
2015-02-03 11:00:00,284.04477
2015-02-03 12:00:00,284.04016
2015-02-03 13:00:00,284.4893
2015-02-03 14:00:00,283.55133
2015-02-03 15:00:00,281.463
2015-02-03 16:00:00,281.11014
2015-02-03 17:00:00,280.80307
2015-02-03 18:00:00,280.0866
2015-02-03 19:00:00,279.20517
2015-02-03 20:00:00,279.30292
2015-02-03 21:00:00,276.599
2015-02-03 22:00:00,277.15353
2015-02-03 23:00:00,276.8648
2015-02-04 00:00:00,276.84952
2015-02-04 01:00:00,276.60052
2015-02-04 02:00:00,276.60968
2015-02-04 03:00:00,277.11227
2015-02-04 04:00:00,277.1016
2015-02-04 05:00:00,283.65826
2015-02-04 06:00:00,284.9369
2015-02-04 07:00:00,285.23633
2015-02-04 08:00:00,288.57578
2015-02-04 09:00:00,288.73004
2015-02-04 10:00:00,288.6659
2015-02-04 11:00:00,288.7988
2015-02-04 12:00:00,288.7499
2015-02-04 13:00:00,289.53207
2015-02-04 14:00:00,287.2345
2015-02-04 15:00:00,287.21463
2015-02-04 16:00:00,286.4065
2015-02-04 17:00:00,282.7035
2015-02-04 18:00:00,281.3026
2015-02-04 19:00:00,280.6763
2015-02-04 20:00:00,279.3885
2015-02-04 21:00:00,279.25558
2015-02-04 22:00:00,277.91278
2015-02-04 23:00:00,277.6546
2015-02-05 00:00:00,277.42697
2015-02-05 01:00:00,277.07257
2015-02-05 02:00:00,276.46304
2015-02-05 03:00:00,276.92896
2015-02-05 04:00:00,277.85623
2015-02-05 05:00:00,285.0148
2015-02-05 06:00:00,286.37747
2015-02-05 07:00:00,286.75327
2015-02-05 08:00:00,290.39673
2015-02-05 09:00:00,290.64877
2015-02-05 10:00:00,290.5999
2015-02-05 11:00:00,290.6885
2015-02-05 12:00:00,290.4685
2015-02-05 13:00:00,290.85654
2015-02-05 14:00:00,287.51404
2015-02-05 15:00:00,286.3393
2015-02-05 16:00:00,285.25925
2015-02-05 17:00:00,282.17493
2015-02-05 18:00:00,280.63504
2015-02-05 19:00:00,280.35547
2015-02-05 20:00:00,279.804
2015-02-05 21:00:00,278.32523
2015-02-05 22:00:00,278.08844
2015-02-05 23:00:00,277.925
2015-02-06 00:00:00,277.07562
2015-02-06 01:00:00,276.81134
2015-02-06 02:00:00,276.4569
2015-02-06 03:00:00,276.53024
2015-02-06 04:00:00,278.13275
2015-02-06 05:00:00,285.28217
2015-02-06 06:00:00,286.1239
2015-02-06 07:00:00,285.9925
2015-02-06 08:00:00,289.34265
2015-02-06 09:00:00,289.24792
2015-02-06 10:00:00,288.064
2015-02-06 11:00:00,288.2183
2015-02-06 12:00:00,288.64908
2015-02-06 13:00:00,287.8043
2015-02-06 14:00:00,285.9925
2015-02-06 15:00:00,286.24915
2015-02-06 16:00:00,286.45996
2015-02-06 17:00:00,284.69095
2015-02-06 18:00:00,284.60846
2015-02-06 19:00:00,283.60938
2015-02-06 20:00:00,280.20883
2015-02-06 21:00:00,279.3182
2015-02-06 22:00:00,278.2122
2015-02-06 23:00:00,277.7218
2015-02-07 00:00:00,277.7218
2015-02-07 01:00:00,277.45905
2015-02-07 02:00:00,277.18713
2015-02-07 03:00:00,278.18622
2015-02-07 04:00:00,279.2953
2015-02-07 05:00:00,282.77222
2015-02-07 06:00:00,283.9378
2015-02-07 07:00:00,284.9965
2015-02-07 08:00:00,284.6451
2015-02-07 09:00:00,284.2021
2015-02-07 10:00:00,282.3506
2015-02-07 11:00:00,282.41934
2015-02-07 12:00:00,282.46976
2015-02-07 13:00:00,282.98456
2015-02-07 14:00:00,282.87915
2015-02-07 15:00:00,281.84494
2015-02-07 16:00:00,281.5501
2015-02-07 17:00:00,280.80615
2015-02-07 18:00:00,280.72516
2015-02-07 19:00:00,280.39978
2015-02-07 20:00:00,279.5611
2015-02-07 21:00:00,279.4557
2015-02-07 22:00:00,279.48776
2015-02-07 23:00:00,279.225
2015-02-08 00:00:00,279.445
2015-02-08 01:00:00,279.60388
2015-02-08 02:00:00,279.79483
2015-02-08 03:00:00,282.01144
2015-02-08 04:00:00,282.27573
2015-02-08 05:00:00,282.84402
2015-02-08 06:00:00,283.0915
2015-02-08 07:00:00,282.815
2015-02-08 08:00:00,283.93628
2015-02-08 09:00:00,285.89017
2015-02-08 10:00:00,287.10617
2015-02-08 11:00:00,287.5278
2015-02-08 12:00:00,287.8639
2015-02-08 13:00:00,288.35883
2015-02-08 14:00:00,285.4899
2015-02-08 15:00:00,285.84433
2015-02-08 16:00:00,284.9812
2015-02-08 17:00:00,282.33072
2015-02-08 18:00:00,280.76184
2015-02-08 19:00:00,280.5434
2015-02-08 20:00:00,280.17062
2015-02-08 21:00:00,278.30692
2015-02-08 22:00:00,278.44287
2015-02-08 23:00:00,278.3298
2015-02-09 00:00:00,278.12054
2015-02-09 01:00:00,277.86542
2015-02-09 02:00:00,277.37045
2015-02-09 03:00:00,277.62253
2015-02-09 04:00:00,278.31302
2015-02-09 05:00:00,285.69308
2015-02-09 06:00:00,287.62558
2015-02-09 07:00:00,287.954
2015-02-09 08:00:00,291.34235
2015-02-09 09:00:00,291.25525
2015-02-09 10:00:00,291.0735
2015-02-09 11:00:00,291.16055
2015-02-09 12:00:00,291.05972
2015-02-09 13:00:00,291.45233
2015-02-09 14:00:00,289.32736
2015-02-09 15:00:00,288.2794
2015-02-09 16:00:00,285.95584
2015-02-09 17:00:00,283.43674
2015-02-09 18:00:00,282.64694
2015-02-09 19:00:00,282.0038
2015-02-09 20:00:00,280.6106
2015-02-09 21:00:00,280.36313
2015-02-09 22:00:00,278.68576
2015-02-09 23:00:00,278.34357
2015-02-10 00:00:00,278.3405
2015-02-10 01:00:00,278.12665
2015-02-10 02:00:00,278.2473
2015-02-10 03:00:00,278.60785
2015-02-10 04:00:00,279.9873
2015-02-10 05:00:00,287.6729
2015-02-10 06:00:00,288.91492
2015-02-10 07:00:00,289.5489
2015-02-10 08:00:00,292.49725
2015-02-10 09:00:00,292.33072
2015-02-10 10:00:00,292.0252
2015-02-10 11:00:00,291.94116
2015-02-10 12:00:00,292.1963
2015-02-10 13:00:00,292.2024
2015-02-10 14:00:00,289.80856
2015-02-10 15:00:00,289.05545
2015-02-10 16:00:00,286.47983
2015-02-10 17:00:00,285.5342
2015-02-10 18:00:00,282.95554
2015-02-10 19:00:00,282.39185
2015-02-10 20:00:00,281.18195
2015-02-10 21:00:00,280.91
2015-02-10 22:00:00,279.84372
2015-02-10 23:00:00,279.62985
2015-02-11 00:00:00,279.72916
2015-02-11 01:00:00,279.55804
2015-02-11 02:00:00,279.45416
2015-02-11 03:00:00,279.51987
2015-02-11 04:00:00,280.6442
2015-02-11 05:00:00,287.87
2015-02-11 06:00:00,289.42056
2015-02-11 07:00:00,289.97968
2015-02-11 08:00:00,292.21158
2015-02-11 09:00:00,292.7432
2015-02-11 10:00:00,292.40405
2015-02-11 11:00:00,292.45142
2015-02-11 12:00:00,292.95096
2015-02-11 13:00:00,292.98608
2015-02-11 14:00:00,288.28552
2015-02-11 15:00:00,288.05637
2015-02-11 16:00:00,287.35974
2015-02-11 17:00:00,283.86908
2015-02-11 18:00:00,282.9876
2015-02-11 19:00:00,281.59747
2015-02-11 20:00:00,280.5403
2015-02-11 21:00:00,280.4074
2015-02-11 22:00:00,279.46487
2015-02-11 23:00:00,279.17615
2015-02-12 00:00:00,278.98822
2015-02-12 01:00:00,278.79575
2015-02-12 02:00:00,278.7499
2015-02-12 03:00:00,281.3943
2015-02-12 04:00:00,285.33102
2015-02-12 05:00:00,287.41934
2015-02-12 06:00:00,288.6384
2015-02-12 07:00:00,289.81927
2015-02-12 08:00:00,290.10037
2015-02-12 09:00:00,292.4774
2015-02-12 10:00:00,292.34296
2015-02-12 11:00:00,291.71967
2015-02-12 12:00:00,289.21738
2015-02-12 13:00:00,288.94852
2015-02-12 14:00:00,288.96686
2015-02-12 15:00:00,289.64206
2015-02-12 16:00:00,287.8929
2015-02-12 17:00:00,285.3509
2015-02-12 18:00:00,284.06003
2015-02-12 19:00:00,282.70502
2015-02-12 20:00:00,281.20026
2015-02-12 21:00:00,280.80615
2015-02-12 22:00:00,279.29834
2015-02-12 23:00:00,278.73923
2015-02-13 00:00:00,278.23358
2015-02-13 01:00:00,278.6491
2015-02-13 02:00:00,279.24335
2015-02-13 03:00:00,279.68637
2015-02-13 04:00:00,281.27206
2015-02-13 05:00:00,288.2412
2015-02-13 06:00:00,289.74747
2015-02-13 07:00:00,290.77405
2015-02-13 08:00:00,290.81226
2015-02-13 09:00:00,292.29102
2015-02-13 10:00:00,293.42758
2015-02-13 11:00:00,293.6934
2015-02-13 12:00:00,293.4902
2015-02-13 13:00:00,293.57883
2015-02-13 14:00:00,292.96622
2015-02-13 15:00:00,289.43735
2015-02-13 16:00:00,289.04626
2015-02-13 17:00:00,288.2122
2015-02-13 18:00:00,287.3185
2015-02-13 19:00:00,285.5831
2015-02-13 20:00:00,283.53757
2015-02-13 21:00:00,282.9693
2015-02-13 22:00:00,282.1963
2015-02-13 23:00:00,282.07867
2015-02-14 00:00:00,282.0145
2015-02-14 01:00:00,281.8694
2015-02-14 02:00:00,282.02673
2015-02-14 03:00:00,282.24976
2015-02-14 04:00:00,281.96564
2015-02-14 05:00:00,288.5941
2015-02-14 06:00:00,289.90176
2015-02-14 07:00:00,291.2354
2015-02-14 08:00:00,294.45416
2015-02-14 09:00:00,294.3075
2015-02-14 10:00:00,294.84982
2015-02-14 11:00:00,295.163
2015-02-14 12:00:00,294.99646
2015-02-14 13:00:00,295.19812
2015-02-14 14:00:00,291.69827
2015-02-14 15:00:00,292.4621
2015-02-14 16:00:00,290.9757
2015-02-14 17:00:00,287.30475
2015-02-14 18:00:00,285.87488
2015-02-14 19:00:00,285.3891
2015-02-14 20:00:00,284.04935
2015-02-14 21:00:00,283.42606
2015-02-14 22:00:00,281.3301
2015-02-14 23:00:00,280.98486
2015-02-15 00:00:00,280.79697
2015-02-15 01:00:00,280.49908
2015-02-15 02:00:00,280.60297
2015-02-15 03:00:00,281.30875
2015-02-15 04:00:00,282.6225
2015-02-15 05:00:00,290.04077
2015-02-15 06:00:00,291.49356
2015-02-15 07:00:00,292.7982
2015-02-15 08:00:00,294.94913
2015-02-15 09:00:00,294.27084
2015-02-15 10:00:00,293.67657
2015-02-15 11:00:00,293.44897
2015-02-15 12:00:00,293.87823
2015-02-15 13:00:00,294.65735
2015-02-15 14:00:00,291.58066
2015-02-15 15:00:00,291.69522
2015-02-15 16:00:00,291.83423
2015-02-15 17:00:00,288.7438
2015-02-15 18:00:00,287.43155
2015-02-15 19:00:00,286.84036
2015-02-15 20:00:00,285.1844
2015-02-15 21:00:00,284.38696
2015-02-15 22:00:00,283.03345
2015-02-15 23:00:00,282.75235
2015-02-16 00:00:00,282.6607
2015-02-16 01:00:00,282.79056
2015-02-16 02:00:00,282.97845
2015-02-16 03:00:00,283.3619
2015-02-16 04:00:00,283.36343
2015-02-16 05:00:00,284.73984
2015-02-16 06:00:00,284.53818
2015-02-16 07:00:00,284.40222
2015-02-16 08:00:00,283.93323
2015-02-16 09:00:00,283.533
2015-02-16 10:00:00,283.18622
2015-02-16 11:00:00,283.2122
2015-02-16 12:00:00,283.0365
2015-02-16 13:00:00,283.11746
2015-02-16 14:00:00,283.63992
2015-02-16 15:00:00,282.27267
2015-02-16 16:00:00,282.58737
2015-02-16 17:00:00,282.53848
2015-02-16 18:00:00,282.1291
2015-02-16 19:00:00,282.74472
2015-02-16 20:00:00,281.89078
2015-02-16 21:00:00,281.96564
2015-02-16 22:00:00,282.2131
2015-02-16 23:00:00,281.81744
2015-02-17 00:00:00,281.5898
2015-02-17 01:00:00,281.76093
2015-02-17 02:00:00,282.7096
2015-02-17 03:00:00,282.78598
2015-02-17 04:00:00,282.65613
2015-02-17 05:00:00,286.62036
2015-02-17 06:00:00,286.57455
2015-02-17 07:00:00,286.18347
2015-02-17 08:00:00,286.37137
2015-02-17 09:00:00,289.04016
2015-02-17 10:00:00,290.11716
2015-02-17 11:00:00,289.90482
2015-02-17 12:00:00,287.64236
2015-02-17 13:00:00,288.69034
2015-02-17 14:00:00,288.2122
2015-02-17 15:00:00,288.478
2015-02-17 16:00:00,288.28552
2015-02-17 17:00:00,287.1245
2015-02-17 18:00:00,284.56262
2015-02-17 19:00:00,283.79117
2015-02-17 20:00:00,283.44897
2015-02-17 21:00:00,283.25037
2015-02-17 22:00:00,282.71722
2015-02-17 23:00:00,282.81348
2015-02-18 00:00:00,282.41782
2015-02-18 01:00:00,281.9962
2015-02-18 02:00:00,283.02124
2015-02-18 03:00:00,283.339
2015-02-18 04:00:00,282.93567
2015-02-18 05:00:00,284.10892
2015-02-18 06:00:00,284.67108
2015-02-18 07:00:00,284.804
2015-02-18 08:00:00,286.54706
2015-02-18 09:00:00,287.2192
2015-02-18 10:00:00,288.34204
2015-02-18 11:00:00,287.8822
2015-02-18 12:00:00,287.86542
2015-02-18 13:00:00,288.2473
2015-02-18 14:00:00,286.62955
2015-02-18 15:00:00,286.23236
2015-02-18 16:00:00,286.02917
2015-02-18 17:00:00,285.2241
2015-02-18 18:00:00,285.01788
2015-02-18 19:00:00,284.59012
2015-02-18 20:00:00,284.06918
2015-02-18 21:00:00,283.5223
2015-02-18 22:00:00,283.2473
2015-02-18 23:00:00,282.7325
2015-02-19 00:00:00,282.27267
2015-02-19 01:00:00,282.04047
2015-02-19 02:00:00,282.00687
2015-02-19 03:00:00,281.68454
2015-02-19 04:00:00,281.2293
2015-02-19 05:00:00,280.10953
2015-02-19 06:00:00,279.75665
2015-02-19 07:00:00,279.0142
2015-02-19 08:00:00,278.9134
2015-02-19 09:00:00,278.9134
2015-02-19 10:00:00,280.3891
2015-02-19 11:00:00,280.82294
2015-02-19 12:00:00,281.09946
2015-02-19 13:00:00,281.46915
2015-02-19 14:00:00,282.05118
2015-02-19 15:00:00,281.6601
2015-02-19 16:00:00,282.0252
2015-02-19 17:00:00,282.2467
2015-02-19 18:00:00,282.1566
2015-02-19 19:00:00,282.3399
2015-02-19 20:00:00,282.0634
2015-02-19 21:00:00,282.13672
2015-02-19 22:00:00,280.95737
2015-02-19 23:00:00,281.19873
2015-02-20 00:00:00,281.3179
2015-02-20 01:00:00,281.3026
2015-02-20 02:00:00,281.84952
2015-02-20 03:00:00,281.6326
2015-02-20 04:00:00,281.58524
2015-02-20 05:00:00,283.48563
2015-02-20 06:00:00,283.84616
2015-02-20 07:00:00,283.8263
2015-02-20 08:00:00,284.75818
2015-02-20 09:00:00,284.7047
2015-02-20 10:00:00,287.48196
2015-02-20 11:00:00,287.40405
2015-02-20 12:00:00,287.15506
2015-02-20 13:00:00,287.72638
2015-02-20 14:00:00,287.01755
2015-02-20 15:00:00,285.0026
2015-02-20 16:00:00,284.50916
2015-02-20 17:00:00,284.0096
2015-02-20 18:00:00,283.57425
2015-02-20 19:00:00,283.11288
2015-02-20 20:00:00,282.44073
2015-02-20 21:00:00,282.3185
2015-02-20 22:00:00,282.24976
2015-02-20 23:00:00,281.83426
2015-02-21 00:00:00,282.30627
2015-02-21 01:00:00,282.03894
2015-02-21 02:00:00,283.2519
2015-02-21 03:00:00,283.42453
2015-02-21 04:00:00,283.7102
2015-02-21 05:00:00,287.68515
2015-02-21 06:00:00,287.94025
2015-02-21 07:00:00,288.49173
2015-02-21 08:00:00,290.29742
2015-02-21 09:00:00,290.22256
2015-02-21 10:00:00,289.7933
2015-02-21 11:00:00,289.86816
2015-02-21 12:00:00,289.60846
2015-02-21 13:00:00,290.8611
2015-02-21 14:00:00,289.91092
2015-02-21 15:00:00,288.7209
2015-02-21 16:00:00,288.59714
2015-02-21 17:00:00,287.4132
2015-02-21 18:00:00,286.7487
2015-02-21 19:00:00,286.28278
2015-02-21 20:00:00,285.32492
2015-02-21 21:00:00,285.03925
2015-02-21 22:00:00,284.86664
2015-02-21 23:00:00,284.7429
2015-02-22 00:00:00,284.3304
2015-02-22 01:00:00,284.3182
2015-02-22 02:00:00,284.68027
2015-02-22 03:00:00,284.94455
2015-02-22 04:00:00,285.64572
2015-02-22 05:00:00,290.46545
2015-02-22 06:00:00,290.96347
2015-02-22 07:00:00,290.7985
2015-02-22 08:00:00,293.88586
2015-02-22 09:00:00,294.06155
2015-02-22 10:00:00,295.0591
2015-02-22 11:00:00,295.4349
2015-02-22 12:00:00,295.14923
2015-02-22 13:00:00,296.33774
2015-02-22 14:00:00,293.46118
2015-02-22 15:00:00,292.20853
2015-02-22 16:00:00,291.1789
2015-02-22 17:00:00,288.8599
2015-02-22 18:00:00,288.3848
2015-02-22 19:00:00,287.8547
2015-02-22 20:00:00,286.6265
2015-02-22 21:00:00,286.49664
2015-02-22 22:00:00,286.00015
2015-02-22 23:00:00,285.97266
2015-02-23 00:00:00,285.8596
2015-02-23 01:00:00,285.96042
2015-02-23 02:00:00,286.35303
2015-02-23 03:00:00,286.05362
2015-02-23 04:00:00,286.88464
2015-02-23 05:00:00,290.36465
2015-02-23 06:00:00,291.3454
2015-02-23 07:00:00,291.62494
2015-02-23 08:00:00,293.3298
2015-02-23 09:00:00,293.19232
2015-02-23 10:00:00,292.96317
2015-02-23 11:00:00,292.8486
2015-02-23 12:00:00,293.08386
2015-02-23 13:00:00,293.7835
2015-02-23 14:00:00,292.1535
2015-02-23 15:00:00,291.54858
2015-02-23 16:00:00,291.2736
2015-02-23 17:00:00,290.00565
2015-02-23 18:00:00,289.94147
2015-02-23 19:00:00,289.79178
2015-02-23 20:00:00,289.0417
2015-02-23 21:00:00,288.34204
2015-02-23 22:00:00,286.74106
2015-02-23 23:00:00,287.0313
2015-02-24 00:00:00,286.50885
2015-02-24 01:00:00,285.74808
2015-02-24 02:00:00,285.72058
2015-02-24 03:00:00,285.412
2015-02-24 04:00:00,285.4716
2015-02-24 05:00:00,286.62036
2015-02-24 06:00:00,286.7105
2015-02-24 07:00:00,286.47372
2015-02-24 08:00:00,287.02216
2015-02-24 09:00:00,287.06033
2015-02-24 10:00:00,285.61975
2015-02-24 11:00:00,285.30048
2015-02-24 12:00:00,285.36005
2015-02-24 13:00:00,285.19354
2015-02-24 14:00:00,284.8086
2015-02-24 15:00:00,284.99802
2015-02-24 16:00:00,285.13397
2015-02-24 17:00:00,284.5214
2015-02-24 18:00:00,283.93323
2015-02-24 19:00:00,283.27634
2015-02-24 20:00:00,283.29926
2015-02-24 21:00:00,282.91736
2015-02-24 22:00:00,283.02734
2015-02-24 23:00:00,283.27786
2015-02-25 00:00:00,283.0518
2015-02-25 01:00:00,283.20303
2015-02-25 02:00:00,282.90512
2015-02-25 03:00:00,283.33594
2015-02-25 04:00:00,283.26108
2015-02-25 05:00:00,282.79514
2015-02-25 06:00:00,283.23663
2015-02-25 07:00:00,284.1013
2015-02-25 08:00:00,283.69797
2015-02-25 09:00:00,283.20148
2015-02-25 10:00:00,283.12204
2015-02-25 11:00:00,283.00137
2015-02-25 12:00:00,283.82324
2015-02-25 13:00:00,283.2962
2015-02-25 14:00:00,282.24213
2015-02-25 15:00:00,282.24823
2015-02-25 16:00:00,281.9198
2015-02-25 17:00:00,280.68698
2015-02-25 18:00:00,280.67322
2015-02-25 19:00:00,280.8153
2015-02-25 20:00:00,280.1202
2015-02-25 21:00:00,280.06827
2015-02-25 22:00:00,279.33197
2015-02-25 23:00:00,279.50305
2015-02-26 00:00:00,279.61456
2015-02-26 01:00:00,279.33807
2015-02-26 02:00:00,279.19446
2015-02-26 03:00:00,279.06308
2015-02-26 04:00:00,279.52444
2015-02-26 05:00:00,283.782
2015-02-26 06:00:00,284.2021
2015-02-26 07:00:00,284.48013
2015-02-26 08:00:00,286.7655
2015-02-26 09:00:00,286.91827
2015-02-26 10:00:00,287.42545
2015-02-26 11:00:00,287.57822
2015-02-26 12:00:00,287.57056
2015-02-26 13:00:00,287.61792
2015-02-26 14:00:00,287.01755
2015-02-26 15:00:00,284.70624
2015-02-26 16:00:00,285.30658
2015-02-26 17:00:00,285.38297
2015-02-26 18:00:00,285.0026
2015-02-26 19:00:00,283.21066
2015-02-26 20:00:00,281.046
2015-02-26 21:00:00,280.73434
2015-02-26 22:00:00,280.20425
2015-02-26 23:00:00,279.8972
2015-02-27 00:00:00,278.81866
2015-02-27 01:00:00,278.89047
2015-02-27 02:00:00,278.7774
2015-02-27 03:00:00,280.4227
2015-02-27 04:00:00,284.5718
2015-02-27 05:00:00,286.13153
2015-02-27 06:00:00,286.8816
2015-02-27 07:00:00,287.07867
2015-02-27 08:00:00,289.7047
2015-02-27 09:00:00,289.50305
2015-02-27 10:00:00,289.20975
2015-02-27 11:00:00,288.95462
2015-02-27 12:00:00,287.9586
2015-02-27 13:00:00,288.47952
2015-02-27 14:00:00,285.01328
2015-02-27 15:00:00,285.46545
2015-02-27 16:00:00,285.8703
2015-02-27 17:00:00,283.9378
2015-02-27 18:00:00,282.12756
2015-02-27 19:00:00,281.27817
2015-02-27 20:00:00,280.03925
2015-02-27 21:00:00,279.1517
2015-02-27 22:00:00,279.3946
2015-02-27 23:00:00,279.10587
2015-02-28 00:00:00,279.03253
2015-02-28 01:00:00,278.67966
2015-02-28 02:00:00,278.96072
2015-02-28 03:00:00,279.75665
2015-02-28 04:00:00,279.9415
2015-02-28 05:00:00,286.0032
2015-02-28 06:00:00,286.81897
2015-02-28 07:00:00,287.56903
2015-02-28 08:00:00,289.7368
2015-02-28 09:00:00,289.8055
2015-02-28 10:00:00,289.55957
2015-02-28 11:00:00,289.68027
2015-02-28 12:00:00,290.06522
2015-02-28 13:00:00,290.8214
2015-02-28 14:00:00,288.80032
2015-02-28 15:00:00,288.45508
2015-02-28 16:00:00,286.9595
2015-02-28 17:00:00,285.25006
2015-02-28 18:00:00,285.03925
2015-02-28 19:00:00,284.70776
2015-02-28 20:00:00,283.5712
2015-02-28 21:00:00,283.01663
2015-02-28 22:00:00,282.61945
2015-02-28 23:00:00,282.82263
2015-03-01 00:00:00,282.43613
2015-03-01 01:00:00,282.22073
2015-03-01 02:00:00,281.94424
2015-03-01 03:00:00,281.55774
2015-03-01 04:00:00,280.97723
2015-03-01 05:00:00,282.0741
2015-03-01 06:00:00,282.1413
2015-03-01 07:00:00,282.26657
2015-03-01 08:00:00,282.35977
2015-03-01 09:00:00,282.8272
2015-03-01 10:00:00,282.82874
2015-03-01 11:00:00,282.8364
2015-03-01 12:00:00,282.99832
2015-03-01 13:00:00,282.9265
2015-03-01 14:00:00,282.21768
2015-03-01 15:00:00,282.45142
2015-03-01 16:00:00,282.2849
2015-03-01 17:00:00,281.5608
2015-03-01 18:00:00,281.3515
2015-03-01 19:00:00,281.20486
2015-03-01 20:00:00,280.88864
2015-03-01 21:00:00,280.91156
2015-03-01 22:00:00,280.54492
2015-03-01 23:00:00,280.6381
2015-03-02 00:00:00,280.46396
2015-03-02 01:00:00,280.66254
2015-03-02 02:00:00,280.98334
2015-03-02 03:00:00,281.34387
2015-03-02 04:00:00,281.68912
2015-03-02 05:00:00,283.3726
2015-03-02 06:00:00,283.80185
2015-03-02 07:00:00,283.89505
2015-03-02 08:00:00,284.82385
2015-03-02 09:00:00,283.94852
2015-03-02 10:00:00,282.2834
2015-03-02 11:00:00,282.1795
2015-03-02 12:00:00,282.35364
2015-03-02 13:00:00,282.8868
2015-03-02 14:00:00,282.84097
2015-03-02 15:00:00,283.25342
2015-03-02 16:00:00,283.07623
2015-03-02 17:00:00,282.6042
2015-03-02 18:00:00,282.65613
2015-03-02 19:00:00,282.85623
2015-03-02 20:00:00,282.22684
2015-03-02 21:00:00,282.0191
2015-03-02 22:00:00,281.9412
2015-03-02 23:00:00,282.00687
2015-03-03 00:00:00,282.18256
2015-03-03 01:00:00,282.09393
2015-03-03 02:00:00,281.98853
2015-03-03 03:00:00,282.56445
2015-03-03 04:00:00,281.44623
2015-03-03 05:00:00,281.30875
2015-03-03 06:00:00,281.72577
2015-03-03 07:00:00,281.8144
2015-03-03 08:00:00,283.3451
2015-03-03 09:00:00,283.87213
2015-03-03 10:00:00,284.4007
2015-03-03 11:00:00,284.37625
2015-03-03 12:00:00,284.26627
2015-03-03 13:00:00,285.04996
2015-03-03 14:00:00,283.89505
2015-03-03 15:00:00,283.74533
2015-03-03 16:00:00,284.49542
2015-03-03 17:00:00,283.37717
2015-03-03 18:00:00,283.4994
2015-03-03 19:00:00,283.2061
2015-03-03 20:00:00,281.8205
2015-03-03 21:00:00,280.1019
2015-03-03 22:00:00,278.4169
2015-03-03 23:00:00,278.18317
2015-03-04 00:00:00,278.09457
2015-03-04 01:00:00,278.05484
2015-03-04 02:00:00,278.50702
2015-03-04 03:00:00,280.0194
2015-03-04 04:00:00,280.39062
2015-03-04 05:00:00,285.29742
2015-03-04 06:00:00,285.7603
2015-03-04 07:00:00,285.86267
2015-03-04 08:00:00,287.98456
2015-03-04 09:00:00,287.8318
2015-03-04 10:00:00,286.1086
2015-03-04 11:00:00,285.35547
2015-03-04 12:00:00,285.2531
2015-03-04 13:00:00,285.1233
2015-03-04 14:00:00,283.43982
2015-03-04 15:00:00,283.71326
2015-03-04 16:00:00,283.4902
2015-03-04 17:00:00,282.7814
2015-03-04 18:00:00,282.9693
2015-03-04 19:00:00,282.9754
2015-03-04 20:00:00,282.0374
2015-03-04 21:00:00,282.05118
2015-03-04 22:00:00,281.67844
2015-03-04 23:00:00,281.60205
2015-03-05 00:00:00,281.27512
2015-03-05 01:00:00,281.16513
2015-03-05 02:00:00,281.55774
2015-03-05 03:00:00,281.8327
2015-03-05 04:00:00,281.97632
2015-03-05 05:00:00,281.95493
2015-03-05 06:00:00,282.0374
2015-03-05 07:00:00,281.76855
2015-03-05 08:00:00,281.738
2015-03-05 09:00:00,281.43094
2015-03-05 10:00:00,281.2461
2015-03-05 11:00:00,281.28583
2015-03-05 12:00:00,281.40955
2015-03-05 13:00:00,281.30722
2015-03-05 14:00:00,280.86267
2015-03-05 15:00:00,280.85043
2015-03-05 16:00:00,281.31485
2015-03-05 17:00:00,281.2675
2015-03-05 18:00:00,281.5547
2015-03-05 19:00:00,281.58676
2015-03-05 20:00:00,280.67322
2015-03-05 21:00:00,280.50366
2015-03-05 22:00:00,279.9415
2015-03-05 23:00:00,280.0301
2015-03-06 00:00:00,279.5061
2015-03-06 01:00:00,278.90573
2015-03-06 02:00:00,279.04016
2015-03-06 03:00:00,280.26077
2015-03-06 04:00:00,280.2195
2015-03-06 05:00:00,285.2745
2015-03-06 06:00:00,285.7282
2015-03-06 07:00:00,286.1758
2015-03-06 08:00:00,288.23358
2015-03-06 09:00:00,287.75235
2015-03-06 10:00:00,287.25586
2015-03-06 11:00:00,287.32004
2015-03-06 12:00:00,287.49112
2015-03-06 13:00:00,287.4285
2015-03-06 14:00:00,286.41107
2015-03-06 15:00:00,286.15445
2015-03-06 16:00:00,285.8978
2015-03-06 17:00:00,284.30905
2015-03-06 18:00:00,283.96686
2015-03-06 19:00:00,283.69797
2015-03-06 20:00:00,282.44836
2015-03-06 21:00:00,282.08783
2015-03-06 22:00:00,281.06735
2015-03-06 23:00:00,280.90085
2015-03-07 00:00:00,280.7099
2015-03-07 01:00:00,280.6763
2015-03-07 02:00:00,281.54092
2015-03-07 03:00:00,281.59286
2015-03-07 04:00:00,281.72272
2015-03-07 05:00:00,283.81714
2015-03-07 06:00:00,284.4221
2015-03-07 07:00:00,283.96533
2015-03-07 08:00:00,284.02948
2015-03-07 09:00:00,283.88586
2015-03-07 10:00:00,282.89902
2015-03-07 11:00:00,282.95706
2015-03-07 12:00:00,283.20148
2015-03-07 13:00:00,283.00137
2015-03-07 14:00:00,281.26138
2015-03-07 15:00:00,280.50977
2015-03-07 16:00:00,280.11563
2015-03-07 17:00:00,279.13336
2015-03-07 18:00:00,279.19598
2015-03-07 19:00:00,279.26474
2015-03-07 20:00:00,279.20975
2015-03-07 21:00:00,279.73373
2015-03-07 22:00:00,279.05087
2015-03-07 23:00:00,278.83853
2015-03-08 00:00:00,278.79422
2015-03-08 01:00:00,278.61853
2015-03-08 02:00:00,278.84006
2015-03-08 03:00:00,279.6818
2015-03-08 04:00:00,280.1355
2015-03-08 05:00:00,282.0252
2015-03-08 06:00:00,282.82416
2015-03-08 07:00:00,282.87305
2015-03-08 08:00:00,283.9699
2015-03-08 09:00:00,283.95767
2015-03-08 10:00:00,281.8144
2015-03-08 11:00:00,281.98547
2015-03-08 12:00:00,282.4071
2015-03-08 13:00:00,282.53085
2015-03-08 14:00:00,282.27878
2015-03-08 15:00:00,281.4615
2015-03-08 16:00:00,281.52872
2015-03-08 17:00:00,281.4004
2015-03-08 18:00:00,280.9864
2015-03-08 19:00:00,280.5831
2015-03-08 20:00:00,280.48074
2015-03-08 21:00:00,280.7374
2015-03-08 22:00:00,279.8972
2015-03-08 23:00:00,280.39062
2015-03-09 00:00:00,280.59686
2015-03-09 01:00:00,280.48227
2015-03-09 02:00:00,280.22256
2015-03-09 03:00:00,279.71234
2015-03-09 04:00:00,278.89505
2015-03-09 05:00:00,283.69034
2015-03-09 06:00:00,284.63443
2015-03-09 07:00:00,285.1233
2015-03-09 08:00:00,287.70654
2015-03-09 09:00:00,287.81958
2015-03-09 10:00:00,288.07928
2015-03-09 11:00:00,288.07928
2015-03-09 12:00:00,287.87
2015-03-09 13:00:00,288.0243
2015-03-09 14:00:00,286.78995
2015-03-09 15:00:00,286.23236
2015-03-09 16:00:00,286.23083
2015-03-09 17:00:00,284.64972
2015-03-09 18:00:00,283.32828
2015-03-09 19:00:00,282.6882
2015-03-09 20:00:00,281.16513
2015-03-09 21:00:00,280.1905
2015-03-09 22:00:00,280.61212
2015-03-09 23:00:00,279.9201
2015-03-10 00:00:00,280.08203
2015-03-10 01:00:00,279.4664
2015-03-10 02:00:00,279.9751
2015-03-10 03:00:00,280.78018
2015-03-10 04:00:00,281.51495
2015-03-10 05:00:00,288.03345
2015-03-10 06:00:00,288.74686
2015-03-10 07:00:00,289.40375
2015-03-10 08:00:00,292.2574
2015-03-10 09:00:00,292.2299
2015-03-10 10:00:00,291.86328
2015-03-10 11:00:00,291.77466
2015-03-10 12:00:00,291.56842
2015-03-10 13:00:00,290.61823
2015-03-10 14:00:00,290.58005
2015-03-10 15:00:00,290.4838
2015-03-10 16:00:00,289.62524
2015-03-10 17:00:00,286.57147
2015-03-10 18:00:00,285.94974
2015-03-10 19:00:00,285.03162
2015-03-10 20:00:00,283.7774
2015-03-10 21:00:00,283.38174
2015-03-10 22:00:00,282.7982
2015-03-10 23:00:00,282.62097
2015-03-11 00:00:00,282.1856
2015-03-11 01:00:00,282.06186
2015-03-11 02:00:00,282.41782
2015-03-11 03:00:00,282.45294
2015-03-11 04:00:00,283.22134
2015-03-11 05:00:00,289.4847
2015-03-11 06:00:00,290.49908
2015-03-11 07:00:00,290.63657
2015-03-11 08:00:00,293.32828
2015-03-11 09:00:00,293.85684
2015-03-11 10:00:00,292.98303
2015-03-11 11:00:00,292.89597
2015-03-11 12:00:00,293.25955
2015-03-11 13:00:00,294.28766
2015-03-11 14:00:00,292.11075
2015-03-11 15:00:00,292.38724
2015-03-11 16:00:00,291.12543
2015-03-11 17:00:00,288.68118
2015-03-11 18:00:00,288.09607
2015-03-11 19:00:00,286.84647
2015-03-11 20:00:00,285.24548
2015-03-11 21:00:00,283.8828
2015-03-11 22:00:00,282.0863
2015-03-11 23:00:00,282.0802
2015-03-12 00:00:00,281.7991
2015-03-12 01:00:00,281.53635
2015-03-12 02:00:00,281.8862
2015-03-12 03:00:00,281.56998
2015-03-12 04:00:00,283.04416
2015-03-12 05:00:00,290.64114
2015-03-12 06:00:00,291.7716
2015-03-12 07:00:00,291.98547
2015-03-12 08:00:00,295.0637
2015-03-12 09:00:00,295.31268
2015-03-12 10:00:00,295.14465
2015-03-12 11:00:00,295.28827
2015-03-12 12:00:00,295.45477
2015-03-12 13:00:00,294.92163
2015-03-12 14:00:00,293.29468
2015-03-12 15:00:00,293.3665
2015-03-12 16:00:00,290.92682
2015-03-12 17:00:00,287.40863
2015-03-12 18:00:00,286.48135
2015-03-12 19:00:00,285.67783
2015-03-12 20:00:00,283.6598
2015-03-12 21:00:00,283.28705
2015-03-12 22:00:00,282.207
2015-03-12 23:00:00,281.98547
2015-03-13 00:00:00,281.77466
2015-03-13 01:00:00,281.44928
2015-03-13 02:00:00,282.29254
2015-03-13 03:00:00,282.72028
2015-03-13 04:00:00,284.584
2015-03-13 05:00:00,290.9818
2015-03-13 06:00:00,292.05118
2015-03-13 07:00:00,292.43155
2015-03-13 08:00:00,295.40894
2015-03-13 09:00:00,295.36462
2015-03-13 10:00:00,294.92163
2015-03-13 11:00:00,294.85745
2015-03-13 12:00:00,294.82385
2015-03-13 13:00:00,293.478
2015-03-13 14:00:00,292.59195
2015-03-13 15:00:00,292.38266
2015-03-13 16:00:00,291.64938
2015-03-13 17:00:00,289.23267
2015-03-13 18:00:00,287.68973
2015-03-13 19:00:00,287.2849
2015-03-13 20:00:00,285.55713
2015-03-13 21:00:00,285.87488
2015-03-13 22:00:00,285.13092
2015-03-13 23:00:00,285.06827
2015-03-14 00:00:00,284.37167
2015-03-14 01:00:00,284.30292
2015-03-14 02:00:00,285.96042
2015-03-14 03:00:00,286.25833
2015-03-14 04:00:00,286.54706
2015-03-14 05:00:00,292.66528
2015-03-14 06:00:00,293.617
2015-03-14 07:00:00,293.89963
2015-03-14 08:00:00,294.28305
2015-03-14 09:00:00,295.62585
2015-03-14 10:00:00,294.2189
2015-03-14 11:00:00,294.65887
2015-03-14 12:00:00,293.48715
2015-03-14 13:00:00,292.91583
2015-03-14 14:00:00,291.95645
2015-03-14 15:00:00,292.06796
2015-03-14 16:00:00,292.0298
2015-03-14 17:00:00,290.47922
2015-03-14 18:00:00,290.14313
2015-03-14 19:00:00,288.9103
2015-03-14 20:00:00,286.56995
2015-03-14 21:00:00,285.7496
2015-03-14 22:00:00,285.67322
2015-03-14 23:00:00,285.3891
2015-03-15 00:00:00,285.00412
2015-03-15 01:00:00,285.0576
2015-03-15 02:00:00,285.81226
2015-03-15 03:00:00,285.62128
2015-03-15 04:00:00,285.6671
2015-03-15 05:00:00,286.21097
2015-03-15 06:00:00,285.8275
2015-03-15 07:00:00,285.58157
2015-03-15 08:00:00,286.20486
2015-03-15 09:00:00,285.84738
2015-03-15 10:00:00,284.2342
2015-03-15 11:00:00,284.75665
2015-03-15 12:00:00,285.3127
2015-03-15 13:00:00,284.92316
2015-03-15 14:00:00,284.04016
2015-03-15 15:00:00,284.94608
2015-03-15 16:00:00,285.3799
2015-03-15 17:00:00,284.71082
2015-03-15 18:00:00,284.11044
2015-03-15 19:00:00,283.91797
2015-03-15 20:00:00,282.93567
2015-03-15 21:00:00,282.52017
2015-03-15 22:00:00,281.6998
2015-03-15 23:00:00,281.65247
2015-03-16 00:00:00,281.40802
2015-03-16 01:00:00,281.21707
2015-03-16 02:00:00,281.97327
2015-03-16 03:00:00,282.6271
2015-03-16 04:00:00,282.72485
2015-03-16 05:00:00,283.9378
2015-03-16 06:00:00,284.4068
2015-03-16 07:00:00,285.17828
2015-03-16 08:00:00,286.60815
2015-03-16 09:00:00,286.4508
2015-03-16 10:00:00,286.34998
2015-03-16 11:00:00,286.78384
2015-03-16 12:00:00,286.4447
2015-03-16 13:00:00,285.76642
2015-03-16 14:00:00,285.10495
2015-03-16 15:00:00,285.5281
2015-03-16 16:00:00,285.5174
2015-03-16 17:00:00,285.2287
2015-03-16 18:00:00,285.22256
2015-03-16 19:00:00,284.98273
2015-03-16 20:00:00,283.87823
2015-03-16 21:00:00,283.92255
2015-03-16 22:00:00,282.99832
2015-03-16 23:00:00,282.9372
2015-03-17 00:00:00,282.30627
2015-03-17 01:00:00,282.1306
2015-03-17 02:00:00,283.27176
2015-03-17 03:00:00,283.61395
2015-03-17 04:00:00,283.85074
2015-03-17 05:00:00,287.27725
2015-03-17 06:00:00,287.94333
2015-03-17 07:00:00,288.22592
2015-03-17 08:00:00,288.8202
2015-03-17 09:00:00,290.26382
2015-03-17 10:00:00,290.01633
2015-03-17 11:00:00,290.15842
2015-03-17 12:00:00,290.18134
2015-03-17 13:00:00,289.87885
2015-03-17 14:00:00,288.62772
2015-03-17 15:00:00,289.29987
2015-03-17 16:00:00,288.99435
2015-03-17 17:00:00,287.66528
2015-03-17 18:00:00,287.3078
2015-03-17 19:00:00,286.13
2015-03-17 20:00:00,284.82233
2015-03-17 21:00:00,284.3075
2015-03-17 22:00:00,283.4719
2015-03-17 23:00:00,283.29773
2015-03-18 00:00:00,282.86847
2015-03-18 01:00:00,282.11838
2015-03-18 02:00:00,282.97845
2015-03-18 03:00:00,285.39215
2015-03-18 04:00:00,288.25037
2015-03-18 05:00:00,289.9537
2015-03-18 06:00:00,290.2684
2015-03-18 07:00:00,290.4166
2015-03-18 08:00:00,292.68057
2015-03-18 09:00:00,292.77374
2015-03-18 10:00:00,293.7652
2015-03-18 11:00:00,293.86603
2015-03-18 12:00:00,293.58188
2015-03-18 13:00:00,293.2137
2015-03-18 14:00:00,290.91614
2015-03-18 15:00:00,292.04504
2015-03-18 16:00:00,292.27878
2015-03-18 17:00:00,290.4838
2015-03-18 18:00:00,289.67566
2015-03-18 19:00:00,288.44135
2015-03-18 20:00:00,286.0857
2015-03-18 21:00:00,284.969
2015-03-18 22:00:00,284.28
2015-03-18 23:00:00,283.73007
2015-03-19 00:00:00,282.72485
2015-03-19 01:00:00,282.52017
2015-03-19 02:00:00,284.57486
2015-03-19 03:00:00,284.34265
2015-03-19 04:00:00,285.86572
2015-03-19 05:00:00,291.6448
2015-03-19 06:00:00,292.38876
2015-03-19 07:00:00,292.36127
2015-03-19 08:00:00,295.2348
2015-03-19 09:00:00,295.43033
2015-03-19 10:00:00,294.81165
2015-03-19 11:00:00,295.03925
2015-03-19 12:00:00,294.90787
2015-03-19 13:00:00,294.81317
2015-03-19 14:00:00,293.72852
2015-03-19 15:00:00,294.04626
2015-03-19 16:00:00,293.48105
2015-03-19 17:00:00,291.89078
2015-03-19 18:00:00,289.833
2015-03-19 19:00:00,288.71478
2015-03-19 20:00:00,287.89597
2015-03-19 21:00:00,286.26138
2015-03-19 22:00:00,284.7215
2015-03-19 23:00:00,284.4847
2015-03-20 00:00:00,284.31668
2015-03-20 01:00:00,284.09668
2015-03-20 02:00:00,285.92377
2015-03-20 03:00:00,285.8199
2015-03-20 04:00:00,287.33838
2015-03-20 05:00:00,292.27573
2015-03-20 06:00:00,292.87915
2015-03-20 07:00:00,292.84555
2015-03-20 08:00:00,295.6946
2015-03-20 09:00:00,295.99554
2015-03-20 10:00:00,295.91
2015-03-20 11:00:00,296.20483
2015-03-20 12:00:00,295.59378
2015-03-20 13:00:00,295.58005
2015-03-20 14:00:00,293.96683
2015-03-20 15:00:00,293.5391
2015-03-20 16:00:00,293.78198
2015-03-20 17:00:00,292.02826
2015-03-20 18:00:00,290.35394
2015-03-20 19:00:00,289.0142
2015-03-20 20:00:00,286.84494
2015-03-20 21:00:00,287.01602
2015-03-20 22:00:00,285.86115
2015-03-20 23:00:00,285.69003
2015-03-21 00:00:00,285.04077
2015-03-21 01:00:00,284.88956
2015-03-21 02:00:00,286.9534
2015-03-21 03:00:00,286.98395
2015-03-21 04:00:00,287.58737
2015-03-21 05:00:00,293.58493
2015-03-21 06:00:00,294.47556
2015-03-21 07:00:00,294.51068
2015-03-21 08:00:00,297.13367
2015-03-21 09:00:00,296.9702
2015-03-21 10:00:00,297.11685
2015-03-21 11:00:00,297.10922
2015-03-21 12:00:00,296.7838
2015-03-21 13:00:00,297.5614
2015-03-21 14:00:00,295.65643
2015-03-21 15:00:00,295.5006
2015-03-21 16:00:00,294.78873
2015-03-21 17:00:00,293.6506
2015-03-21 18:00:00,292.15198
2015-03-21 19:00:00,290.0576
2015-03-21 20:00:00,287.99985
2015-03-21 21:00:00,287.69125
2015-03-21 22:00:00,286.34387
2015-03-21 23:00:00,285.56934
2015-03-22 00:00:00,285.51587
2015-03-22 01:00:00,285.26993
2015-03-22 02:00:00,287.0695
2015-03-22 03:00:00,286.8266
2015-03-22 04:00:00,288.67966
2015-03-22 05:00:00,295.2027
2015-03-22 06:00:00,296.0582
2015-03-22 07:00:00,296.14374
2015-03-22 08:00:00,299.1975
2015-03-22 09:00:00,299.3457
2015-03-22 10:00:00,299.12418
2015-03-22 11:00:00,299.26932
2015-03-22 12:00:00,298.976
2015-03-22 13:00:00,298.17856
2015-03-22 14:00:00,296.48593
2015-03-22 15:00:00,296.79758
2015-03-22 16:00:00,295.99402
2015-03-22 17:00:00,293.68576
2015-03-22 18:00:00,291.94577
2015-03-22 19:00:00,290.48532
2015-03-22 20:00:00,288.95157
2015-03-22 21:00:00,288.82324
2015-03-22 22:00:00,286.82507
2015-03-22 23:00:00,286.53177
2015-03-23 00:00:00,286.3851
2015-03-23 01:00:00,286.15598
2015-03-23 02:00:00,288.06705
2015-03-23 03:00:00,287.84097
2015-03-23 04:00:00,289.28766
2015-03-23 05:00:00,292.1581
2015-03-23 06:00:00,297.07254
2015-03-23 07:00:00,297.75235
2015-03-23 08:00:00,299.51678
2015-03-23 09:00:00,299.804
2015-03-23 10:00:00,300.0912
2015-03-23 11:00:00,300.31116
2015-03-23 12:00:00,300.4838
2015-03-23 13:00:00,299.38693
2015-03-23 14:00:00,297.31085
2015-03-23 15:00:00,297.56293
2015-03-23 16:00:00,297.8211
2015-03-23 17:00:00,295.72974
2015-03-23 18:00:00,293.51007
2015-03-23 19:00:00,291.98242
2015-03-23 20:00:00,290.88556
2015-03-23 21:00:00,290.14618
2015-03-23 22:00:00,288.84616
2015-03-23 23:00:00,288.38788
2015-03-24 00:00:00,288.21677
2015-03-24 01:00:00,288.0869
2015-03-24 02:00:00,290.3173
2015-03-24 03:00:00,290.44714
2015-03-24 04:00:00,291.4004
2015-03-24 05:00:00,295.39368
2015-03-24 06:00:00,297.02673
2015-03-24 07:00:00,297.64847
2015-03-24 08:00:00,298.35272
2015-03-24 09:00:00,298.96683
2015-03-24 10:00:00,297.14893
2015-03-24 11:00:00,296.1254
2015-03-24 12:00:00,295.8825
2015-03-24 13:00:00,294.46332
2015-03-24 14:00:00,291.83728
2015-03-24 15:00:00,291.5562
2015-03-24 16:00:00,290.81683
2015-03-24 17:00:00,289.96286
2015-03-24 18:00:00,289.50153
2015-03-24 19:00:00,289.71082
2015-03-24 20:00:00,288.91797
2015-03-24 21:00:00,288.8767
2015-03-24 22:00:00,286.7151
2015-03-24 23:00:00,286.8694
2015-03-25 00:00:00,286.8984
2015-03-25 01:00:00,287.09393
2015-03-25 02:00:00,288.06094
2015-03-25 03:00:00,290.55255
2015-03-25 04:00:00,291.08264
2015-03-25 05:00:00,293.38785
2015-03-25 06:00:00,294.0249
2015-03-25 07:00:00,294.28766
2015-03-25 08:00:00,297.35974
2015-03-25 09:00:00,297.55225
2015-03-25 10:00:00,298.28857
2015-03-25 11:00:00,298.4077
2015-03-25 12:00:00,298.85684
2015-03-25 13:00:00,299.47556
2015-03-25 14:00:00,296.67688
2015-03-25 15:00:00,296.6234
2015-03-25 16:00:00,296.1529
2015-03-25 17:00:00,293.50702
2015-03-25 18:00:00,293.13885
2015-03-25 19:00:00,292.57056
2015-03-25 20:00:00,290.9482
2015-03-25 21:00:00,290.48227
2015-03-25 22:00:00,288.672
2015-03-25 23:00:00,287.79208
2015-03-26 00:00:00,287.5889
2015-03-26 01:00:00,287.42545
2015-03-26 02:00:00,289.12878
2015-03-26 03:00:00,288.90268
2015-03-26 04:00:00,288.9928
2015-03-26 05:00:00,295.80612
2015-03-26 06:00:00,296.60663
2015-03-26 07:00:00,296.8327
2015-03-26 08:00:00,299.35944
2015-03-26 09:00:00,299.17
2015-03-26 10:00:00,299.1196
2015-03-26 11:00:00,299.10434
2015-03-26 12:00:00,298.95157
2015-03-26 13:00:00,299.65735
2015-03-26 14:00:00,296.23846
2015-03-26 15:00:00,297.32156
2015-03-26 16:00:00,298.17245
2015-03-26 17:00:00,295.24854
2015-03-26 18:00:00,293.6934
2015-03-26 19:00:00,292.03284
2015-03-26 20:00:00,289.3396
2015-03-26 21:00:00,288.78046
2015-03-26 22:00:00,288.28552
2015-03-26 23:00:00,287.8364
2015-03-27 00:00:00,287.53085
2015-03-27 01:00:00,287.22992
2015-03-27 02:00:00,289.09515
2015-03-27 03:00:00,289.0646
2015-03-27 04:00:00,290.42728
2015-03-27 05:00:00,295.95737
2015-03-27 06:00:00,296.98547
2015-03-27 07:00:00,296.99005
2015-03-27 08:00:00,299.35944
2015-03-27 09:00:00,299.7551
2015-03-27 10:00:00,300.78015
2015-03-27 11:00:00,300.95584
2015-03-27 12:00:00,301.2079
2015-03-27 13:00:00,302.38724
2015-03-27 14:00:00,299.28152
2015-03-27 15:00:00,298.71173
2015-03-27 16:00:00,298.19995
2015-03-27 17:00:00,295.30048
2015-03-27 18:00:00,295.55408
2015-03-27 19:00:00,295.4227
2015-03-27 20:00:00,293.00748
2015-03-27 21:00:00,292.1627
2015-03-27 22:00:00,290.92072
2015-03-27 23:00:00,290.78476
2015-03-28 00:00:00,290.48685
2015-03-28 01:00:00,290.15076
2015-03-28 02:00:00,290.4288
2015-03-28 03:00:00,293.13428
2015-03-28 04:00:00,294.1578
2015-03-28 05:00:00,294.98578
2015-03-28 06:00:00,295.2195
2015-03-28 07:00:00,294.58554
2015-03-28 08:00:00,294.63138
2015-03-28 09:00:00,294.24945
2015-03-28 10:00:00,293.7224
2015-03-28 11:00:00,293.2076
2015-03-28 12:00:00,293.13123
2015-03-28 13:00:00,291.8877
2015-03-28 14:00:00,289.40985
2015-03-28 15:00:00,288.69644
2015-03-28 16:00:00,288.62924
2015-03-28 17:00:00,286.85104
2015-03-28 18:00:00,287.14435
2015-03-28 19:00:00,286.8877
2015-03-28 20:00:00,286.0918
2015-03-28 21:00:00,286.08722
2015-03-28 22:00:00,285.95584
2015-03-28 23:00:00,285.9192
2015-03-29 00:00:00,285.92072
2015-03-29 01:00:00,285.5831
2015-03-29 02:00:00,286.20178
2015-03-29 03:00:00,286.06888
2015-03-29 04:00:00,286.13306
2015-03-29 05:00:00,287.37656
2015-03-29 06:00:00,287.81653
2015-03-29 07:00:00,288.0915
2015-03-29 08:00:00,288.15414
2015-03-29 09:00:00,288.30997
2015-03-29 10:00:00,288.8324
2015-03-29 11:00:00,289.24182
2015-03-29 12:00:00,289.36862
2015-03-29 13:00:00,289.08295
2015-03-29 14:00:00,288.47647
2015-03-29 15:00:00,287.9693
2015-03-29 16:00:00,287.74777
2015-03-29 17:00:00,286.81287
2015-03-29 18:00:00,286.6112
2015-03-29 19:00:00,286.37747
2015-03-29 20:00:00,285.94058
2015-03-29 21:00:00,285.6946
2015-03-29 22:00:00,284.50153
2015-03-29 23:00:00,284.2968
2015-03-30 00:00:00,284.5718
2015-03-30 01:00:00,284.5214
2015-03-30 02:00:00,285.40283
2015-03-30 03:00:00,285.5006
2015-03-30 04:00:00,286.11014
2015-03-30 05:00:00,289.90176
2015-03-30 06:00:00,290.0255
2015-03-30 07:00:00,289.95676
2015-03-30 08:00:00,290.8199
2015-03-30 09:00:00,291.36832
2015-03-30 10:00:00,290.76642
2015-03-30 11:00:00,290.93903
2015-03-30 12:00:00,290.99402
2015-03-30 13:00:00,291.2675
2015-03-30 14:00:00,290.11868
2015-03-30 15:00:00,290.15384
2015-03-30 16:00:00,290.84433
2015-03-30 17:00:00,289.96747
2015-03-30 18:00:00,289.22958
2015-03-30 19:00:00,288.4352
2015-03-30 20:00:00,287.21463
2015-03-30 21:00:00,286.932
2015-03-30 22:00:00,286.55927
2015-03-30 23:00:00,286.47067
2015-03-31 00:00:00,286.46606
2015-03-31 01:00:00,286.2293
2015-03-31 02:00:00,287.29254
2015-03-31 03:00:00,287.45752
2015-03-31 04:00:00,288.1022
2015-03-31 05:00:00,290.07132
2015-03-31 06:00:00,290.3463
2015-03-31 07:00:00,290.45325
2015-03-31 08:00:00,291.04596
2015-03-31 09:00:00,289.70624
2015-03-31 10:00:00,290.27756
2015-03-31 11:00:00,290.45325
2015-03-31 12:00:00,289.6436
2015-03-31 13:00:00,289.93842
2015-03-31 14:00:00,289.20056
2015-03-31 15:00:00,289.15475
2015-03-31 16:00:00,288.87366
2015-03-31 17:00:00,287.78137
2015-03-31 18:00:00,287.35516
2015-03-31 19:00:00,287.2742
2015-03-31 20:00:00,286.77466
2015-03-31 21:00:00,286.6448
2015-03-31 22:00:00,286.16818
2015-03-31 23:00:00,286.04752
2015-04-01 00:00:00,285.77405
2015-04-01 01:00:00,285.87335
2015-04-01 02:00:00,285.91614
2015-04-01 03:00:00,285.89627
2015-04-01 04:00:00,285.83057
2015-04-01 05:00:00,286.06277
2015-04-01 06:00:00,286.12234
2015-04-01 07:00:00,286.21555
2015-04-01 08:00:00,286.60358
2015-04-01 09:00:00,286.77618
2015-04-01 10:00:00,286.22318
2015-04-01 11:00:00,286.0093
2015-04-01 12:00:00,286.0704
2015-04-01 13:00:00,285.9146
2015-04-01 14:00:00,285.4349
2015-04-01 15:00:00,285.14465
2015-04-01 16:00:00,285.30353
2015-04-01 17:00:00,284.91248
2015-04-01 18:00:00,284.80093
2015-04-01 19:00:00,284.79483
2015-04-01 20:00:00,284.86816
2015-04-01 21:00:00,284.57333
2015-04-01 22:00:00,284.51987
2015-04-01 23:00:00,284.48624
2015-04-02 00:00:00,284.56873
2015-04-02 01:00:00,284.66956
2015-04-02 02:00:00,285.716
2015-04-02 03:00:00,285.8046
2015-04-02 04:00:00,286.08417
2015-04-02 05:00:00,289.3121
2015-04-02 06:00:00,290.02856
2015-04-02 07:00:00,290.53116
2015-04-02 08:00:00,292.48807
2015-04-02 09:00:00,292.20087
2015-04-02 10:00:00,291.00015
2015-04-02 11:00:00,290.53116
2015-04-02 12:00:00,290.17062
2015-04-02 13:00:00,290.3891
2015-04-02 14:00:00,288.9867
2015-04-02 15:00:00,288.95767
2015-04-02 16:00:00,289.21738
2015-04-02 17:00:00,288.01663
2015-04-02 18:00:00,287.80582
2015-04-02 19:00:00,287.5339
2015-04-02 20:00:00,286.54092
2015-04-02 21:00:00,286.5776
2015-04-02 22:00:00,285.37076
2015-04-02 23:00:00,285.4288
2015-04-03 00:00:00,285.16452
2015-04-03 01:00:00,285.3341
2015-04-03 02:00:00,284.91553
2015-04-03 03:00:00,284.06155
2015-04-03 04:00:00,283.45203
2015-04-03 05:00:00,286.09946
2015-04-03 06:00:00,286.35303
2015-04-03 07:00:00,287.04813
2015-04-03 08:00:00,289.47098
2015-04-03 09:00:00,290.31424
2015-04-03 10:00:00,291.17123
2015-04-03 11:00:00,291.39276
2015-04-03 12:00:00,291.37747
2015-04-03 13:00:00,291.32858
2015-04-03 14:00:00,289.33194
2015-04-03 15:00:00,289.69553
2015-04-03 16:00:00,289.778
2015-04-03 17:00:00,288.08844
2015-04-03 18:00:00,288.0518
2015-04-03 19:00:00,288.27176
2015-04-03 20:00:00,287.0038
2015-04-03 21:00:00,286.4569
2015-04-03 22:00:00,286.2125
2015-04-03 23:00:00,286.12234
2015-04-04 00:00:00,285.77863
2015-04-04 01:00:00,285.81226
2015-04-04 02:00:00,287.13824
2015-04-04 03:00:00,287.1077
2015-04-04 04:00:00,287.9922
2015-04-04 05:00:00,292.49573
2015-04-04 06:00:00,292.61792
2015-04-04 07:00:00,293.18317
2015-04-04 08:00:00,294.39307
2015-04-04 09:00:00,294.40527
2015-04-04 10:00:00,294.00504
2015-04-04 11:00:00,293.99893
2015-04-04 12:00:00,294.1914
2015-04-04 13:00:00,293.7835
2015-04-04 14:00:00,292.0038
2015-04-04 15:00:00,292.01602
2015-04-04 16:00:00,291.56232
2015-04-04 17:00:00,289.35944
2015-04-04 18:00:00,288.7224
2015-04-04 19:00:00,287.81042
2015-04-04 20:00:00,287.06644
2015-04-04 21:00:00,286.7273
2015-04-04 22:00:00,286.40955
2015-04-04 23:00:00,286.05057
2015-04-05 00:00:00,285.965
2015-04-05 01:00:00,285.69308
2015-04-05 02:00:00,286.4936
2015-04-05 03:00:00,290.51892
2015-04-05 04:00:00,291.6448
2015-04-05 05:00:00,292.32004
2015-04-05 06:00:00,292.65308
2015-04-05 07:00:00,292.72943
2015-04-05 08:00:00,295.21646
2015-04-05 09:00:00,295.20422
2015-04-05 10:00:00,294.99036
2015-04-05 11:00:00,295.03772
2015-04-05 12:00:00,295.2684
2015-04-05 13:00:00,295.28522
2015-04-05 14:00:00,293.36035
2015-04-05 15:00:00,292.54
2015-04-05 16:00:00,292.43918
2015-04-05 17:00:00,290.24548
2015-04-05 18:00:00,290.03314
2015-04-05 19:00:00,289.88956
2015-04-05 20:00:00,288.27634
2015-04-05 21:00:00,287.80582
2015-04-05 22:00:00,286.6815
2015-04-05 23:00:00,286.55164
2015-04-06 00:00:00,286.69064
2015-04-06 01:00:00,286.23083
2015-04-06 02:00:00,288.63077
2015-04-06 03:00:00,288.44745
2015-04-06 04:00:00,288.8263
2015-04-06 05:00:00,293.55133
2015-04-06 06:00:00,293.52994
2015-04-06 07:00:00,293.66132
2015-04-06 08:00:00,295.59225
2015-04-06 09:00:00,294.8544
2015-04-06 10:00:00,294.81622
2015-04-06 11:00:00,293.67047
2015-04-06 12:00:00,293.62158
2015-04-06 13:00:00,293.96072
2015-04-06 14:00:00,292.72485
2015-04-06 15:00:00,292.4346
2015-04-06 16:00:00,292.4774
2015-04-06 17:00:00,290.71906
2015-04-06 18:00:00,290.2806
2015-04-06 19:00:00,290.6106
2015-04-06 20:00:00,290.18134
2015-04-06 21:00:00,288.93018
2015-04-06 22:00:00,288.12512
2015-04-06 23:00:00,288.02124
2015-04-07 00:00:00,287.7875
2015-04-07 01:00:00,287.46362
2015-04-07 02:00:00,288.67813
2015-04-07 03:00:00,288.5452
2015-04-07 04:00:00,289.12573
2015-04-07 05:00:00,291.82355
2015-04-07 06:00:00,292.1963
2015-04-07 07:00:00,292.4774
2015-04-07 08:00:00,291.12082
2015-04-07 09:00:00,290.88403
2015-04-07 10:00:00,289.93536
2015-04-07 11:00:00,290.99402
2015-04-07 12:00:00,291.4997
2015-04-07 13:00:00,291.82507
2015-04-07 14:00:00,290.87793
2015-04-07 15:00:00,290.6106
2015-04-07 16:00:00,290.69156
2015-04-07 17:00:00,289.54736
2015-04-07 18:00:00,289.6329
2015-04-07 19:00:00,289.51068
2015-04-07 20:00:00,289.0738
2015-04-07 21:00:00,288.9378
2015-04-07 22:00:00,287.79208
2015-04-07 23:00:00,287.69278
2015-04-08 00:00:00,287.456
2015-04-08 01:00:00,286.68912
2015-04-08 02:00:00,287.6821
2015-04-08 03:00:00,287.5217
2015-04-08 04:00:00,287.6271
2015-04-08 05:00:00,291.25677
2015-04-08 06:00:00,292.97083
2015-04-08 07:00:00,292.88525
2015-04-08 08:00:00,294.88953
2015-04-08 09:00:00,295.0698
2015-04-08 10:00:00,295.67932
2015-04-08 11:00:00,295.5739
2015-04-08 12:00:00,294.99802
2015-04-08 13:00:00,295.17215
2015-04-08 14:00:00,293.28705
2015-04-08 15:00:00,293.29163
2015-04-08 16:00:00,293.63077
2015-04-08 17:00:00,291.987
2015-04-08 18:00:00,292.02216
2015-04-08 19:00:00,291.34845
2015-04-08 20:00:00,288.58798
2015-04-08 21:00:00,287.65613
2015-04-08 22:00:00,286.92438
2015-04-08 23:00:00,286.46762
2015-04-09 00:00:00,286.3026
2015-04-09 01:00:00,286.4447
2015-04-09 02:00:00,288.56964
2015-04-09 03:00:00,288.4505
2015-04-09 04:00:00,289.14252
2015-04-09 05:00:00,293.78812
2015-04-09 06:00:00,294.5672
2015-04-09 07:00:00,295.0255
2015-04-09 08:00:00,297.65152
2015-04-09 09:00:00,297.81653
2015-04-09 10:00:00,298.5391
2015-04-09 11:00:00,298.56506
2015-04-09 12:00:00,298.2748
2015-04-09 13:00:00,298.13275
2015-04-09 14:00:00,295.42422
2015-04-09 15:00:00,295.62585
2015-04-09 16:00:00,295.6885
2015-04-09 17:00:00,294.08447
2015-04-09 18:00:00,292.9311
2015-04-09 19:00:00,291.6051
2015-04-09 20:00:00,289.36096
2015-04-09 21:00:00,288.2519
2015-04-09 22:00:00,287.93872
2015-04-09 23:00:00,287.4224
2015-04-10 00:00:00,286.7823
2015-04-10 01:00:00,286.65094
2015-04-10 02:00:00,289.28152
2015-04-10 03:00:00,288.8492
2015-04-10 04:00:00,290.20117
2015-04-10 05:00:00,296.8327
2015-04-10 06:00:00,297.11075
2015-04-10 07:00:00,297.3796
2015-04-10 08:00:00,299.80856
2015-04-10 09:00:00,299.76276
2015-04-10 10:00:00,299.91092
2015-04-10 11:00:00,300.07437
2015-04-10 12:00:00,299.82996
2015-04-10 13:00:00,298.85226
2015-04-10 14:00:00,296.39734
2015-04-10 15:00:00,297.27878
2015-04-10 16:00:00,296.9045
2015-04-10 17:00:00,294.96133
2015-04-10 18:00:00,293.88892
2015-04-10 19:00:00,292.68973
2015-04-10 20:00:00,291.1575
2015-04-10 21:00:00,289.83914
2015-04-10 22:00:00,288.72852
2015-04-10 23:00:00,288.81256
2015-04-11 00:00:00,289.11807
2015-04-11 01:00:00,289.01724
2015-04-11 02:00:00,290.04077
2015-04-11 03:00:00,290.41046
2015-04-11 04:00:00,291.16208
2015-04-11 05:00:00,297.53238
2015-04-11 06:00:00,298.03192
2015-04-11 07:00:00,298.1358
2015-04-11 08:00:00,300.36005
2015-04-11 09:00:00,300.74655
2015-04-11 10:00:00,298.96072
2015-04-11 11:00:00,299.11655
2015-04-11 12:00:00,299.33194
2015-04-11 13:00:00,298.76825
2015-04-11 14:00:00,298.70712
2015-04-11 15:00:00,295.49142
2015-04-11 16:00:00,295.7603
2015-04-11 17:00:00,295.78473
2015-04-11 18:00:00,294.53055
2015-04-11 19:00:00,293.35577
2015-04-11 20:00:00,291.49512
2015-04-11 21:00:00,291.06735
2015-04-11 22:00:00,289.46945
2015-04-11 23:00:00,288.77435
2015-04-12 00:00:00,288.5269
2015-04-12 01:00:00,288.42606
2015-04-12 02:00:00,290.94974
2015-04-12 03:00:00,290.74503
2015-04-12 04:00:00,291.65247
2015-04-12 05:00:00,298.22592
2015-04-12 06:00:00,298.4841
2015-04-12 07:00:00,298.76062
2015-04-12 08:00:00,301.68298
2015-04-12 09:00:00,301.64175
2015-04-12 10:00:00,300.68393
2015-04-12 11:00:00,300.826
2015-04-12 12:00:00,299.66803
2015-04-12 13:00:00,298.9867
2015-04-12 14:00:00,297.27115
2015-04-12 15:00:00,297.32614
2015-04-12 16:00:00,297.56598
2015-04-12 17:00:00,295.23328
2015-04-12 18:00:00,294.76276
2015-04-12 19:00:00,293.32675
2015-04-12 20:00:00,291.3515
2015-04-12 21:00:00,291.06888
2015-04-12 22:00:00,289.9201
2015-04-12 23:00:00,289.17154
2015-04-13 00:00:00,288.80338
2015-04-13 01:00:00,288.947
2015-04-13 02:00:00,291.79758
2015-04-13 03:00:00,291.25677
2015-04-13 04:00:00,292.29712
2015-04-13 05:00:00,298.4062
2015-04-13 06:00:00,298.59714
2015-04-13 07:00:00,298.49478
2015-04-13 08:00:00,300.8871
2015-04-13 09:00:00,300.97266
2015-04-13 10:00:00,300.8932
2015-04-13 11:00:00,300.26993
2015-04-13 12:00:00,300.03772
2015-04-13 13:00:00,298.96835
2015-04-13 14:00:00,296.8709
2015-04-13 15:00:00,297.37503
2015-04-13 16:00:00,296.06125
2015-04-13 17:00:00,294.12726
2015-04-13 18:00:00,294.06003
2015-04-13 19:00:00,293.13885
2015-04-13 20:00:00,290.8153
2015-04-13 21:00:00,290.3234
2015-04-13 22:00:00,289.16696
2015-04-13 23:00:00,289.10587
2015-04-14 00:00:00,289.39154
2015-04-14 01:00:00,288.6888
2015-04-14 02:00:00,291.6723
2015-04-14 03:00:00,292.37198
2015-04-14 04:00:00,293.1572
2015-04-14 05:00:00,298.34662
2015-04-14 06:00:00,298.2962
2015-04-14 07:00:00,298.119
2015-04-14 08:00:00,300.1263
2015-04-14 09:00:00,300.13702
2015-04-14 10:00:00,300.04993
2015-04-14 11:00:00,300.22562
2015-04-14 12:00:00,300.1202
2015-04-14 13:00:00,300.108
2015-04-14 14:00:00,297.7768
2015-04-14 15:00:00,297.34448
2015-04-14 16:00:00,296.89383
2015-04-14 17:00:00,294.45416
2015-04-14 18:00:00,294.4618
2015-04-14 19:00:00,294.61456
2015-04-14 20:00:00,293.38785
2015-04-14 21:00:00,292.92346
2015-04-14 22:00:00,291.4065
2015-04-14 23:00:00,290.7496
2015-04-15 00:00:00,290.69766
2015-04-15 01:00:00,291.0246
2015-04-15 02:00:00,292.97845
2015-04-15 03:00:00,293.19995
2015-04-15 04:00:00,293.23206
2015-04-15 05:00:00,295.3677
2015-04-15 06:00:00,296.3072
2015-04-15 07:00:00,296.6448
2015-04-15 08:00:00,297.95554
2015-04-15 09:00:00,297.9876
2015-04-15 10:00:00,296.39276
2015-04-15 11:00:00,295.92377
2015-04-15 12:00:00,296.0475
2015-04-15 13:00:00,296.08875
2015-04-15 14:00:00,294.6787
2015-04-15 15:00:00,294.14404
2015-04-15 16:00:00,295.10034
2015-04-15 17:00:00,293.73923
2015-04-15 18:00:00,293.5284
2015-04-15 19:00:00,291.73187
2015-04-15 20:00:00,290.77405
2015-04-15 21:00:00,290.21036
2015-04-15 22:00:00,289.1792
2015-04-15 23:00:00,289.58096
2015-04-16 00:00:00,289.16086
2015-04-16 01:00:00,289.4618
2015-04-16 02:00:00,290.20578
2015-04-16 03:00:00,290.38297
2015-04-16 04:00:00,290.01938
2015-04-16 05:00:00,292.2345
2015-04-16 06:00:00,292.4728
2015-04-16 07:00:00,293.15872
2015-04-16 08:00:00,295.90543
2015-04-16 09:00:00,295.9818
2015-04-16 10:00:00,295.69766
2015-04-16 11:00:00,295.3463
2015-04-16 12:00:00,295.2959
2015-04-16 13:00:00,295.24396
2015-04-16 14:00:00,294.22958
2015-04-16 15:00:00,294.66193
2015-04-16 16:00:00,294.63443
2015-04-16 17:00:00,292.3185
2015-04-16 18:00:00,291.51343
2015-04-16 19:00:00,290.91614
2015-04-16 20:00:00,289.555
2015-04-16 21:00:00,288.61853
2015-04-16 22:00:00,288.45508
2015-04-16 23:00:00,288.34814
2015-04-17 00:00:00,288.04413
2015-04-17 01:00:00,287.9143
2015-04-17 02:00:00,288.58188
2015-04-17 03:00:00,289.01877
2015-04-17 04:00:00,290.39215
2015-04-17 05:00:00,294.91245
2015-04-17 06:00:00,295.59378
2015-04-17 07:00:00,295.7771
2015-04-17 08:00:00,297.7432
2015-04-17 09:00:00,298.15106
2015-04-17 10:00:00,298.5895
2015-04-17 11:00:00,298.33438
2015-04-17 12:00:00,298.35883
2015-04-17 13:00:00,298.3512
2015-04-17 14:00:00,295.92224
2015-04-17 15:00:00,296.39276
2015-04-17 16:00:00,295.59225
2015-04-17 17:00:00,293.26566
2015-04-17 18:00:00,293.05942
2015-04-17 19:00:00,293.064
2015-04-17 20:00:00,291.20026
2015-04-17 21:00:00,290.55713
2015-04-17 22:00:00,288.9531
2015-04-17 23:00:00,289.00046
2015-04-18 00:00:00,289.19446
2015-04-18 01:00:00,289.32126
2015-04-18 02:00:00,291.34692
2015-04-18 03:00:00,290.83057
2015-04-18 04:00:00,292.1291
2015-04-18 05:00:00,297.3674
2015-04-18 06:00:00,297.59653
2015-04-18 07:00:00,297.66833
2015-04-18 08:00:00,299.72302
2015-04-18 09:00:00,299.4007
2015-04-18 10:00:00,299.4618
2015-04-18 11:00:00,299.44653
2015-04-18 12:00:00,299.76886
2015-04-18 13:00:00,299.37473
2015-04-18 14:00:00,296.21555
2015-04-18 15:00:00,296.434
2015-04-18 16:00:00,295.60297
2015-04-18 17:00:00,294.3243
2015-04-18 18:00:00,294.12726
2015-04-18 19:00:00,293.7499
2015-04-18 20:00:00,292.54
2015-04-18 21:00:00,293.74075
2015-04-18 22:00:00,290.97723
2015-04-18 23:00:00,290.96808
2015-04-19 00:00:00,290.24548
2015-04-19 01:00:00,289.93384
2015-04-19 02:00:00,291.54398
2015-04-19 03:00:00,292.57516
2015-04-19 04:00:00,293.58798
2015-04-19 05:00:00,296.0246
2015-04-19 06:00:00,296.34387
2015-04-19 07:00:00,296.22318
2015-04-19 08:00:00,295.12173
2015-04-19 09:00:00,294.21738
2015-04-19 10:00:00,292.48196
2015-04-19 11:00:00,292.13824
2015-04-19 12:00:00,291.76398
2015-04-19 13:00:00,291.8648
2015-04-19 14:00:00,290.60754
2015-04-19 15:00:00,290.09882
2015-04-19 16:00:00,290.21188
2015-04-19 17:00:00,288.92865
2015-04-19 18:00:00,288.83392
2015-04-19 19:00:00,288.6506
2015-04-19 20:00:00,287.26962
2015-04-19 21:00:00,287.53085
2015-04-19 22:00:00,287.43765
2015-04-19 23:00:00,287.18103
2015-04-20 00:00:00,287.20395
2015-04-20 01:00:00,287.3185
2015-04-20 02:00:00,289.56567
2015-04-20 03:00:00,289.9812
2015-04-20 04:00:00,290.60907
2015-04-20 05:00:00,293.81256
2015-04-20 06:00:00,293.10678
2015-04-20 07:00:00,293.13123
2015-04-20 08:00:00,294.45264
2015-04-20 09:00:00,294.00198
2015-04-20 10:00:00,295.1141
2015-04-20 11:00:00,295.3463
2015-04-20 12:00:00,295.5678
2015-04-20 13:00:00,295.51434
2015-04-20 14:00:00,293.70255
2015-04-20 15:00:00,294.25555
2015-04-20 16:00:00,293.7377
2015-04-20 17:00:00,292.8043
2015-04-20 18:00:00,292.37045
2015-04-20 19:00:00,291.87854
2015-04-20 20:00:00,290.30048
2015-04-20 21:00:00,289.3854
2015-04-20 22:00:00,288.7713
2015-04-20 23:00:00,288.50244
2015-04-21 00:00:00,288.10983
2015-04-21 01:00:00,288.36954
2015-04-21 02:00:00,289.6115
2015-04-21 03:00:00,289.52597
2015-04-21 04:00:00,291.67688
2015-04-21 05:00:00,296.3347
2015-04-21 06:00:00,296.91214
2015-04-21 07:00:00,296.99768
2015-04-21 08:00:00,299.8483
2015-04-21 09:00:00,299.96896
2015-04-21 10:00:00,299.9369
2015-04-21 11:00:00,300.1141
2015-04-21 12:00:00,300.11258
2015-04-21 13:00:00,300.14465
2015-04-21 14:00:00,299.41138
2015-04-21 15:00:00,294.69095
2015-04-21 16:00:00,294.78873
2015-04-21 17:00:00,293.68118
2015-04-21 18:00:00,293.39246
2015-04-21 19:00:00,292.83484
2015-04-21 20:00:00,291.59134
2015-04-21 21:00:00,290.83514
2015-04-21 22:00:00,290.70377
2015-04-21 23:00:00,290.5739
2015-04-22 00:00:00,290.412
2015-04-22 01:00:00,290.11105
2015-04-22 02:00:00,290.771
2015-04-22 03:00:00,294.10892
2015-04-22 04:00:00,296.66925
2015-04-22 05:00:00,298.07315
2015-04-22 06:00:00,298.77588
2015-04-22 07:00:00,298.7988
2015-04-22 08:00:00,301.37442
2015-04-22 09:00:00,301.5333
2015-04-22 10:00:00,302.30322
2015-04-22 11:00:00,302.35974
2015-04-22 12:00:00,302.33224
2015-04-22 13:00:00,302.0374
2015-04-22 14:00:00,298.4673
2015-04-22 15:00:00,298.77588
2015-04-22 16:00:00,297.53848
2015-04-22 17:00:00,295.42575
2015-04-22 18:00:00,294.73218
2015-04-22 19:00:00,294.25555
2015-04-22 20:00:00,292.4438
2015-04-22 21:00:00,291.96103
2015-04-22 22:00:00,291.04596
2015-04-22 23:00:00,290.75113
2015-04-23 00:00:00,290.2134
2015-04-23 01:00:00,290.9192
2015-04-23 02:00:00,292.52628
2015-04-23 03:00:00,292.11227
2015-04-23 04:00:00,293.17093
2015-04-23 05:00:00,299.60233
2015-04-23 06:00:00,299.95523
2015-04-23 07:00:00,300.0576
2015-04-23 08:00:00,302.93567
2015-04-23 09:00:00,303.08997
2015-04-23 10:00:00,303.95615
2015-04-23 11:00:00,303.80948
2015-04-23 12:00:00,302.9708
2015-04-23 13:00:00,302.66223
2015-04-23 14:00:00,298.60632
2015-04-23 15:00:00,298.29468
2015-04-23 16:00:00,297.65613
2015-04-23 17:00:00,295.67017
2015-04-23 18:00:00,295.30658
2015-04-23 19:00:00,294.64664
2015-04-23 20:00:00,293.17856
2015-04-23 21:00:00,292.56445
2015-04-23 22:00:00,291.60815
2015-04-23 23:00:00,291.5333
2015-04-24 00:00:00,291.2125
2015-04-24 01:00:00,291.22318
2015-04-24 02:00:00,293.68118
2015-04-24 03:00:00,292.6882
2015-04-24 04:00:00,294.64664
2015-04-24 05:00:00,300.91306
2015-04-24 06:00:00,300.8703
2015-04-24 07:00:00,301.02917
2015-04-24 08:00:00,303.57727
2015-04-24 09:00:00,303.6995
2015-04-24 10:00:00,303.95004
2015-04-24 11:00:00,303.78046
2015-04-24 12:00:00,303.25342
2015-04-24 13:00:00,302.66376
2015-04-24 14:00:00,299.43124
2015-04-24 15:00:00,297.7279
2015-04-24 16:00:00,297.39795
2015-04-24 17:00:00,296.1758
2015-04-24 18:00:00,295.51434
2015-04-24 19:00:00,295.1905
2015-04-24 20:00:00,292.94638
2015-04-24 21:00:00,292.76154
2015-04-24 22:00:00,292.06186
2015-04-24 23:00:00,291.36832
2015-04-25 00:00:00,291.02917
2015-04-25 01:00:00,291.50122
2015-04-25 02:00:00,294.47098
2015-04-25 03:00:00,293.52228
2015-04-25 04:00:00,295.59683
2015-04-25 05:00:00,300.80154
2015-04-25 06:00:00,301.3515
2015-04-25 07:00:00,301.47678
2015-04-25 08:00:00,304.20514
2015-04-25 09:00:00,304.10892
2015-04-25 10:00:00,304.6008
2015-04-25 11:00:00,304.20514
2015-04-25 12:00:00,303.2748
2015-04-25 13:00:00,302.62402
2015-04-25 14:00:00,300.15842
2015-04-25 15:00:00,300.0576
2015-04-25 16:00:00,297.41934
2015-04-25 17:00:00,296.4951
2015-04-25 18:00:00,296.78076
2015-04-25 19:00:00,296.22775
2015-04-25 20:00:00,294.97815
2015-04-25 21:00:00,293.7438
2015-04-25 22:00:00,292.9647
2015-04-25 23:00:00,292.48044
2015-04-26 00:00:00,291.88617
2015-04-26 01:00:00,291.8266
2015-04-26 02:00:00,294.70316
2015-04-26 03:00:00,294.2342
2015-04-26 04:00:00,295.8199
2015-04-26 05:00:00,300.4777
2015-04-26 06:00:00,301.0918
2015-04-26 07:00:00,300.97876
2015-04-26 08:00:00,302.95248
2015-04-26 09:00:00,302.79208
2015-04-26 10:00:00,302.44528
2015-04-26 11:00:00,302.2803
2015-04-26 12:00:00,301.34692
2015-04-26 13:00:00,301.78534
2015-04-26 14:00:00,297.2574
2015-04-26 15:00:00,296.7487
2015-04-26 16:00:00,296.80673
2015-04-26 17:00:00,294.833
2015-04-26 18:00:00,294.9812
2015-04-26 19:00:00,294.30444
2015-04-26 20:00:00,292.98608
2015-04-26 21:00:00,292.87457
2015-04-26 22:00:00,291.11777
2015-04-26 23:00:00,291.19873
2015-04-27 00:00:00,290.81683
2015-04-27 01:00:00,290.75418
2015-04-27 02:00:00,291.09637
2015-04-27 03:00:00,290.85654
2015-04-27 04:00:00,290.45477
2015-04-27 05:00:00,290.86267
2015-04-27 06:00:00,290.67474
2015-04-27 07:00:00,291.02917
2015-04-27 08:00:00,292.63474
2015-04-27 09:00:00,292.43918
2015-04-27 10:00:00,292.95554
2015-04-27 11:00:00,294.29834
2015-04-27 12:00:00,294.61304
2015-04-27 13:00:00,294.45416
2015-04-27 14:00:00,292.68973
2015-04-27 15:00:00,293.82477
2015-04-27 16:00:00,293.87976
2015-04-27 17:00:00,292.0313
2015-04-27 18:00:00,292.00534
2015-04-27 19:00:00,291.8434
2015-04-27 20:00:00,290.70377
2015-04-27 21:00:00,289.8483
2015-04-27 22:00:00,289.7368
2015-04-27 23:00:00,289.61304
2015-04-28 00:00:00,289.00656
2015-04-28 01:00:00,289.01266
2015-04-28 02:00:00,290.64267
2015-04-28 03:00:00,290.60907
2015-04-28 04:00:00,291.5944
2015-04-28 05:00:00,296.58524
2015-04-28 06:00:00,296.70285
2015-04-28 07:00:00,297.1963
2015-04-28 08:00:00,297.8211
2015-04-28 09:00:00,298.756
2015-04-28 10:00:00,300.55103
2015-04-28 11:00:00,300.16452
2015-04-28 12:00:00,299.9812
2015-04-28 13:00:00,300.33865
2015-04-28 14:00:00,297.83636
2015-04-28 15:00:00,297.81653
2015-04-28 16:00:00,297.66376
2015-04-28 17:00:00,293.74075
2015-04-28 18:00:00,293.58035
2015-04-28 19:00:00,293.11136
2015-04-28 20:00:00,291.34235
2015-04-28 21:00:00,291.17734
2015-04-28 22:00:00,290.855
2015-04-28 23:00:00,290.6549
2015-04-29 00:00:00,290.46698
2015-04-29 01:00:00,290.86877
2015-04-29 02:00:00,292.56903
2015-04-29 03:00:00,292.54153
2015-04-29 04:00:00,293.27634
2015-04-29 05:00:00,298.45813
2015-04-29 06:00:00,299.3075
2015-04-29 07:00:00,299.20056
2015-04-29 08:00:00,299.56873
2015-04-29 09:00:00,300.37534
2015-04-29 10:00:00,301.3637
2015-04-29 11:00:00,301.44162
2015-04-29 12:00:00,301.59592
2015-04-29 13:00:00,301.66772
2015-04-29 14:00:00,300.18896
2015-04-29 15:00:00,298.23663
2015-04-29 16:00:00,297.56598
2015-04-29 17:00:00,296.36218
2015-04-29 18:00:00,296.46454
2015-04-29 19:00:00,295.8382
2015-04-29 20:00:00,295.55408
2015-04-29 21:00:00,293.63535
2015-04-29 22:00:00,292.89444
2015-04-29 23:00:00,292.2192
2015-04-30 00:00:00,290.80917
2015-04-30 01:00:00,289.91092
2015-04-30 02:00:00,288.478
2015-04-30 03:00:00,287.67905
2015-04-30 04:00:00,288.02124
2015-04-30 05:00:00,289.38388
2015-04-30 06:00:00,289.76123
2015-04-30 07:00:00,290.36923
2015-04-30 08:00:00,291.6173
2015-04-30 09:00:00,291.32553
2015-04-30 10:00:00,293.35883
2015-04-30 11:00:00,293.1755
2015-04-30 12:00:00,293.0747
2015-04-30 13:00:00,293.1083
2015-04-30 14:00:00,291.30566
2015-04-30 15:00:00,291.29498
2015-04-30 16:00:00,291.32858
2015-04-30 17:00:00,289.83453
2015-04-30 18:00:00,290.44257
2015-04-30 19:00:00,290.24854
2015-04-30 20:00:00,289.02948
2015-04-30 21:00:00,288.5177
2015-04-30 22:00:00,288.39246
2015-04-30 23:00:00,288.19995
2015-05-01 00:00:00,287.9968
2015-05-01 01:00:00,288.10983
2015-05-01 02:00:00,289.28766
2015-05-01 03:00:00,289.31668
2015-05-01 04:00:00,290.47006
2015-05-01 05:00:00,295.4563
2015-05-01 06:00:00,295.96805
2015-05-01 07:00:00,296.23694
2015-05-01 08:00:00,298.97296
2015-05-01 09:00:00,298.84616
2015-05-01 10:00:00,298.96683
2015-05-01 11:00:00,298.89505
2015-05-01 12:00:00,298.73157
2015-05-01 13:00:00,299.0371
2015-05-01 14:00:00,298.1144
2015-05-01 15:00:00,297.6042
2015-05-01 16:00:00,296.13916
2015-05-01 17:00:00,293.7209
2015-05-01 18:00:00,293.1755
2015-05-01 19:00:00,292.41016
2015-05-01 20:00:00,290.74655
2015-05-01 21:00:00,290.59073
2015-05-01 22:00:00,288.837
2015-05-01 23:00:00,288.75143
2015-05-02 00:00:00,289.1074
2015-05-02 01:00:00,289.24792
2015-05-02 02:00:00,291.15445
2015-05-02 03:00:00,291.32095
2015-05-02 04:00:00,291.94424
2015-05-02 05:00:00,296.91214
2015-05-02 06:00:00,297.41934
2015-05-02 07:00:00,297.63016
2015-05-02 08:00:00,300.52197
2015-05-02 09:00:00,300.41504
2015-05-02 10:00:00,301.06583
2015-05-02 11:00:00,301.0215
2015-05-02 12:00:00,301.2797
2015-05-02 13:00:00,300.7343
2015-05-02 14:00:00,297.37656
2015-05-02 15:00:00,296.96866
2015-05-02 16:00:00,296.12082
2015-05-02 17:00:00,293.1022
2015-05-02 18:00:00,293.39398
2015-05-02 19:00:00,293.2794
2015-05-02 20:00:00,291.5898
2015-05-02 21:00:00,291.1636
2015-05-02 22:00:00,288.8049
2015-05-02 23:00:00,288.67657
2015-05-03 00:00:00,288.45966
2015-05-03 01:00:00,289.02643
2015-05-03 02:00:00,291.86328
2015-05-03 03:00:00,292.0252
2015-05-03 04:00:00,292.91275
2015-05-03 05:00:00,298.85074
2015-05-03 06:00:00,299.41443
2015-05-03 07:00:00,299.64816
2015-05-03 08:00:00,302.2406
2015-05-03 09:00:00,302.35822
2015-05-03 10:00:00,303.16483
2015-05-03 11:00:00,303.6002
2015-05-03 12:00:00,303.62006
2015-05-03 13:00:00,302.24823
2015-05-03 14:00:00,299.3854
2015-05-03 15:00:00,298.51007
2015-05-03 16:00:00,298.6109
2015-05-03 17:00:00,295.46393
2015-05-03 18:00:00,294.33347
2015-05-03 19:00:00,293.62616
2015-05-03 20:00:00,292.93262
2015-05-03 21:00:00,292.50488
2015-05-03 22:00:00,291.379
2015-05-03 23:00:00,291.27512
2015-05-04 00:00:00,291.20944
2015-05-04 01:00:00,291.22318
2015-05-04 02:00:00,293.36188
2015-05-04 03:00:00,293.3726
2015-05-04 04:00:00,294.95218
2015-05-04 05:00:00,300.0209
2015-05-04 06:00:00,300.6717
2015-05-04 07:00:00,300.76947
2015-05-04 08:00:00,303.75143
2015-05-04 09:00:00,303.91946
2015-05-04 10:00:00,304.41595
2015-05-04 11:00:00,304.27542
2015-05-04 12:00:00,303.47952
2015-05-04 13:00:00,303.53757
2015-05-04 14:00:00,300.75113
2015-05-04 15:00:00,299.75357
2015-05-04 16:00:00,300.51434
2015-05-04 17:00:00,298.93323
2015-05-04 18:00:00,297.86847
2015-05-04 19:00:00,295.83975
2015-05-04 20:00:00,294.06155
2015-05-04 21:00:00,293.4352
2015-05-04 22:00:00,293.13275
2015-05-04 23:00:00,293.01053
2015-05-05 00:00:00,292.91275
2015-05-05 01:00:00,292.92957
2015-05-05 02:00:00,295.06064
2015-05-05 03:00:00,295.3631
2015-05-05 04:00:00,296.06888
2015-05-05 05:00:00,301.1758
2015-05-05 06:00:00,301.932
2015-05-05 07:00:00,302.3628
2015-05-05 08:00:00,303.02887
2015-05-05 09:00:00,305.00104
2015-05-05 10:00:00,305.16757
2015-05-05 11:00:00,305.23938
2015-05-05 12:00:00,305.21033
2015-05-05 13:00:00,304.02335
2015-05-05 14:00:00,300.96194
2015-05-05 15:00:00,301.3729
2015-05-05 16:00:00,301.22775
2015-05-05 17:00:00,298.85684
2015-05-05 18:00:00,297.98456
2015-05-05 19:00:00,296.93353
2015-05-05 20:00:00,295.44254
2015-05-05 21:00:00,295.38297
2015-05-05 22:00:00,293.4719
2015-05-05 23:00:00,293.3359
2015-05-06 00:00:00,292.9937
2015-05-06 01:00:00,293.30383
2015-05-06 02:00:00,295.67627
2015-05-06 03:00:00,295.4349
2015-05-06 04:00:00,297.47433
2015-05-06 05:00:00,302.1902
2015-05-06 06:00:00,302.85165
2015-05-06 07:00:00,303.28857
2015-05-06 08:00:00,306.62036
2015-05-06 09:00:00,306.63104
2015-05-06 10:00:00,306.93658
2015-05-06 11:00:00,307.1413
2015-05-06 12:00:00,306.8602
2015-05-06 13:00:00,306.74716
2015-05-06 14:00:00,301.33316
2015-05-06 15:00:00,302.26505
2015-05-06 16:00:00,300.855
2015-05-06 17:00:00,298.58493
2015-05-06 18:00:00,298.52536
2015-05-06 19:00:00,297.6103
2015-05-06 20:00:00,295.67474
2015-05-06 21:00:00,295.41965
2015-05-06 22:00:00,294.79636
2015-05-06 23:00:00,294.06308
2015-05-07 00:00:00,293.9103
2015-05-07 01:00:00,294.8376
2015-05-07 02:00:00,296.6051
2015-05-07 03:00:00,296.7655
2015-05-07 04:00:00,298.92407
2015-05-07 05:00:00,303.58493
2015-05-07 06:00:00,304.27237
2015-05-07 07:00:00,304.40527
2015-05-07 08:00:00,307.32156
2015-05-07 09:00:00,307.5446
2015-05-07 10:00:00,305.83514
2015-05-07 11:00:00,305.13397
2015-05-07 12:00:00,305.3448
2015-05-07 13:00:00,305.35547
2015-05-07 14:00:00,303.57727
2015-05-07 15:00:00,303.05023
2015-05-07 16:00:00,301.4004
2015-05-07 17:00:00,299.86356
2015-05-07 18:00:00,299.84525
2015-05-07 19:00:00,299.37625
2015-05-07 20:00:00,297.53238
2015-05-07 21:00:00,296.95493
2015-05-07 22:00:00,295.8825
2015-05-07 23:00:00,295.46545
2015-05-08 00:00:00,295.1263
2015-05-08 01:00:00,295.0301
2015-05-08 02:00:00,297.6546
2015-05-08 03:00:00,298.07928
2015-05-08 04:00:00,299.28305
2015-05-08 05:00:00,303.7988
2015-05-08 06:00:00,304.2953
2015-05-08 07:00:00,304.6848
2015-05-08 08:00:00,307.2406
2015-05-08 09:00:00,306.3362
2015-05-08 10:00:00,305.38907
2015-05-08 11:00:00,305.7053
2015-05-08 12:00:00,305.2959
2015-05-08 13:00:00,305.5174
2015-05-08 14:00:00,303.76978
2015-05-08 15:00:00,303.19995
2015-05-08 16:00:00,302.126
2015-05-08 17:00:00,299.4847
2015-05-08 18:00:00,299.06003
2015-05-08 19:00:00,298.423
2015-05-08 20:00:00,296.10556
2015-05-08 21:00:00,295.75113
2015-05-08 22:00:00,295.22867
2015-05-08 23:00:00,294.66193
2015-05-09 00:00:00,294.5336
2015-05-09 01:00:00,294.25708
2015-05-09 02:00:00,295.5953
2015-05-09 03:00:00,296.86172
2015-05-09 04:00:00,297.98456
2015-05-09 05:00:00,299.01572
2015-05-09 06:00:00,303.23663
2015-05-09 07:00:00,302.0206
2015-05-09 08:00:00,302.83636
2015-05-09 09:00:00,303.28857
2015-05-09 10:00:00,302.17032
2015-05-09 11:00:00,302.3506
2015-05-09 12:00:00,301.53482
2015-05-09 13:00:00,302.12143
2015-05-09 14:00:00,302.13214
2015-05-09 15:00:00,302.1077
2015-05-09 16:00:00,301.54092
2015-05-09 17:00:00,298.31607
2015-05-09 18:00:00,297.50793
2015-05-09 19:00:00,296.91827
2015-05-09 20:00:00,295.6778
2015-05-09 21:00:00,295.3677
2015-05-09 22:00:00,293.13733
2015-05-09 23:00:00,292.7554
2015-05-10 00:00:00,292.8822
2015-05-10 01:00:00,292.41934
2015-05-10 02:00:00,294.46637
2015-05-10 03:00:00,295.7878
2015-05-10 04:00:00,297.2681
2015-05-10 05:00:00,301.9992
2015-05-10 06:00:00,302.60876
2015-05-10 07:00:00,302.90512
2015-05-10 08:00:00,305.43796
2015-05-10 09:00:00,306.13916
2015-05-10 10:00:00,304.7887
2015-05-10 11:00:00,304.9644
2015-05-10 12:00:00,305.2898
2015-05-10 13:00:00,305.54642
2015-05-10 14:00:00,302.1138
2015-05-10 15:00:00,302.8944
2015-05-10 16:00:00,302.80582
2015-05-10 17:00:00,300.80154
2015-05-10 18:00:00,299.63443
2015-05-10 19:00:00,298.45966
2015-05-10 20:00:00,296.56842
2015-05-10 21:00:00,296.2965
2015-05-10 22:00:00,294.92468
2015-05-10 23:00:00,294.56567
2015-05-11 00:00:00,294.27847
2015-05-11 01:00:00,294.3854
2015-05-11 02:00:00,295.0362
2015-05-11 03:00:00,296.69217
2015-05-11 04:00:00,297.1963
2015-05-11 05:00:00,300.2195
2015-05-11 06:00:00,300.2348
2015-05-11 07:00:00,300.10953
2015-05-11 08:00:00,297.6103
2015-05-11 09:00:00,296.38052
2015-05-11 10:00:00,293.24426
2015-05-11 11:00:00,292.79666
2015-05-11 12:00:00,292.86542
2015-05-11 13:00:00,293.28244
2015-05-11 14:00:00,292.65152
2015-05-11 15:00:00,292.88525
2015-05-11 16:00:00,293.1526
2015-05-11 17:00:00,292.52322
2015-05-11 18:00:00,292.87762
2015-05-11 19:00:00,292.74472
2015-05-11 20:00:00,292.1474
2015-05-11 21:00:00,291.8602
2015-05-11 22:00:00,291.66467
2015-05-11 23:00:00,291.56995
2015-05-12 00:00:00,291.60358
2015-05-12 01:00:00,291.72577
2015-05-12 02:00:00,292.63626
2015-05-12 03:00:00,292.65308
2015-05-12 04:00:00,292.90054
2015-05-12 05:00:00,293.66284
2015-05-12 06:00:00,293.6598
2015-05-12 07:00:00,294.0081
2015-05-12 08:00:00,293.35425
2015-05-12 09:00:00,292.86542
2015-05-12 10:00:00,292.23145
2015-05-12 11:00:00,292.58432
2015-05-12 12:00:00,293.10983
2015-05-12 13:00:00,293.24274
2015-05-12 14:00:00,292.27573
2015-05-12 15:00:00,292.43307
2015-05-12 16:00:00,293.19385
2015-05-12 17:00:00,292.7875
2015-05-12 18:00:00,292.39185
2015-05-12 19:00:00,291.86633
2015-05-12 20:00:00,291.1468
2015-05-12 21:00:00,290.7939
2015-05-12 22:00:00,290.24548
2015-05-12 23:00:00,289.88956
2015-05-13 00:00:00,289.7322
2015-05-13 01:00:00,289.7215
2015-05-13 02:00:00,291.36526
2015-05-13 03:00:00,291.1636
2015-05-13 04:00:00,291.2797
2015-05-13 05:00:00,293.67352
2015-05-13 06:00:00,294.1257
2015-05-13 07:00:00,293.99893
2015-05-13 08:00:00,294.9033
2015-05-13 09:00:00,295.33102
2015-05-13 10:00:00,295.60297
2015-05-13 11:00:00,295.62894
2015-05-13 12:00:00,295.3799
2015-05-13 13:00:00,295.38602
2015-05-13 14:00:00,294.01266
2015-05-13 15:00:00,293.95767
2015-05-13 16:00:00,294.5504
2015-05-13 17:00:00,293.3634
2015-05-13 18:00:00,293.3787
2015-05-13 19:00:00,293.04718
2015-05-13 20:00:00,291.77924
2015-05-13 21:00:00,291.44318
2015-05-13 22:00:00,291.25677
2015-05-13 23:00:00,291.43704
2015-05-14 00:00:00,291.07193
2015-05-14 01:00:00,291.09943
2015-05-14 02:00:00,292.0649
2015-05-14 03:00:00,292.56293
2015-05-14 04:00:00,293.22134
2015-05-14 05:00:00,297.05118
2015-05-14 06:00:00,296.72272
2015-05-14 07:00:00,297.17795
2015-05-14 08:00:00,299.32278
2015-05-14 09:00:00,297.3628
2015-05-14 10:00:00,297.75693
2015-05-14 11:00:00,298.43216
2015-05-14 12:00:00,297.85623
2015-05-14 13:00:00,297.77222
2015-05-14 14:00:00,294.70776
2015-05-14 15:00:00,295.1202
2015-05-14 16:00:00,294.11197
2015-05-14 17:00:00,292.94485
2015-05-14 18:00:00,293.1908
2015-05-14 19:00:00,293.0579
2015-05-14 20:00:00,291.80063
2015-05-14 21:00:00,291.74258
2015-05-14 22:00:00,291.66925
2015-05-14 23:00:00,291.65247
2015-05-15 00:00:00,291.793
2015-05-15 01:00:00,291.68607
2015-05-15 02:00:00,291.16513
2015-05-15 03:00:00,296.23846
2015-05-15 04:00:00,296.38205
2015-05-15 05:00:00,297.71722
2015-05-15 06:00:00,298.5559
2015-05-15 07:00:00,298.5269
2015-05-15 08:00:00,301.02765
2015-05-15 09:00:00,300.67932
2015-05-15 10:00:00,301.55774
2015-05-15 11:00:00,301.3943
2015-05-15 12:00:00,301.26596
2015-05-15 13:00:00,301.4951
2015-05-15 14:00:00,298.98822
2015-05-15 15:00:00,298.6552
2015-05-15 16:00:00,297.5889
2015-05-15 17:00:00,295.4777
2015-05-15 18:00:00,295.61212
2015-05-15 19:00:00,295.78015
2015-05-15 20:00:00,294.5122
2015-05-15 21:00:00,294.28918
2015-05-15 22:00:00,293.7499
2015-05-15 23:00:00,293.3023
2015-05-16 00:00:00,293.25955
2015-05-16 01:00:00,293.51465
2015-05-16 02:00:00,296.37137
2015-05-16 03:00:00,296.15598
2015-05-16 04:00:00,296.12234
2015-05-16 05:00:00,300.4731
2015-05-16 06:00:00,300.43796
2015-05-16 07:00:00,300.32645
2015-05-16 08:00:00,302.70193
2015-05-16 09:00:00,302.71722
2015-05-16 10:00:00,303.02274
2015-05-16 11:00:00,302.99677
2015-05-16 12:00:00,302.87915
2015-05-16 13:00:00,303.12204
2015-05-16 14:00:00,299.9751
2015-05-16 15:00:00,300.29742
2015-05-16 16:00:00,299.0432
2015-05-16 17:00:00,296.94577
2015-05-16 18:00:00,296.14374
2015-05-16 19:00:00,296.52106
2015-05-16 20:00:00,295.7099
2015-05-16 21:00:00,295.39825
2015-05-16 22:00:00,295.74045
2015-05-16 23:00:00,296.33163
2015-05-17 00:00:00,296.57452
2015-05-17 01:00:00,295.9314
2015-05-17 02:00:00,297.71722
2015-05-17 03:00:00,297.52933
2015-05-17 04:00:00,297.4957
2015-05-17 05:00:00,300.67627
2015-05-17 06:00:00,300.78015
2015-05-17 07:00:00,300.56476
2015-05-17 08:00:00,299.68332
2015-05-17 09:00:00,298.48563
2015-05-17 10:00:00,298.61548
2015-05-17 11:00:00,295.06216
2015-05-17 12:00:00,296.6937
2015-05-17 13:00:00,297.03436
2015-05-17 14:00:00,295.8611
2015-05-17 15:00:00,295.9436
2015-05-17 16:00:00,296.47064
2015-05-17 17:00:00,294.59775
2015-05-17 18:00:00,294.7276
2015-05-17 19:00:00,294.84677
2015-05-17 20:00:00,293.67505
2015-05-17 21:00:00,292.19934
2015-05-17 22:00:00,292.65613
2015-05-17 23:00:00,293.07623
2015-05-18 00:00:00,291.10403
2015-05-18 01:00:00,291.82507
2015-05-18 02:00:00,293.12204
2015-05-18 03:00:00,293.70563
2015-05-18 04:00:00,294.5489
2015-05-18 05:00:00,297.96317
2015-05-18 06:00:00,297.8975
2015-05-18 07:00:00,297.86234
2015-05-18 08:00:00,299.91245
2015-05-18 09:00:00,300.9543
2015-05-18 10:00:00,298.79422
2015-05-18 11:00:00,298.70712
2015-05-18 12:00:00,297.72028
2015-05-18 13:00:00,298.1144
2015-05-18 14:00:00,297.84097
2015-05-18 15:00:00,298.12357
2015-05-18 16:00:00,297.2406
2015-05-18 17:00:00,295.55713
2015-05-18 18:00:00,295.29132
2015-05-18 19:00:00,295.17673
2015-05-18 20:00:00,293.60175
2015-05-18 21:00:00,293.5773
2015-05-18 22:00:00,291.74258
2015-05-18 23:00:00,291.64633
2015-05-19 00:00:00,291.62955
2015-05-19 01:00:00,291.43857
2015-05-19 02:00:00,293.13123
2015-05-19 03:00:00,293.7988
2015-05-19 04:00:00,294.90482
2015-05-19 05:00:00,300.0759
2015-05-19 06:00:00,300.7985
2015-05-19 07:00:00,301.2125
2015-05-19 08:00:00,303.52228
2015-05-19 09:00:00,303.48868
2015-05-19 10:00:00,303.08234
2015-05-19 11:00:00,302.4178
2015-05-19 12:00:00,302.2238
2015-05-19 13:00:00,301.98853
2015-05-19 14:00:00,298.92102
2015-05-19 15:00:00,299.12418
2015-05-19 16:00:00,299.02795
2015-05-19 17:00:00,296.11472
2015-05-19 18:00:00,296.02
2015-05-19 19:00:00,295.8886
2015-05-19 20:00:00,294.2403
2015-05-19 21:00:00,294.09515
2015-05-19 22:00:00,292.86847
2015-05-19 23:00:00,292.70193
2015-05-20 00:00:00,292.3567
2015-05-20 01:00:00,292.4071
2015-05-20 02:00:00,295.44254
2015-05-20 03:00:00,295.43948
2015-05-20 04:00:00,295.85196
2015-05-20 05:00:00,301.22775
2015-05-20 06:00:00,301.36523
2015-05-20 07:00:00,301.6234
2015-05-20 08:00:00,303.2809
2015-05-20 09:00:00,303.19385
2015-05-20 10:00:00,304.31973
2015-05-20 11:00:00,304.32126
2015-05-20 12:00:00,303.5605
2015-05-20 13:00:00,304.63443
2015-05-20 14:00:00,301.92896
2015-05-20 15:00:00,301.38205
2015-05-20 16:00:00,299.5886
2015-05-20 17:00:00,296.71967
2015-05-20 18:00:00,296.86786
2015-05-20 19:00:00,296.8816
2015-05-20 20:00:00,295.0148
2015-05-20 21:00:00,294.4786
2015-05-20 22:00:00,293.1526
2015-05-20 23:00:00,293.05484
2015-05-21 00:00:00,292.94638
2015-05-21 01:00:00,292.76
2015-05-21 02:00:00,296.19263
2015-05-21 03:00:00,296.34692
2015-05-21 04:00:00,296.987
2015-05-21 05:00:00,302.1978
2015-05-21 06:00:00,302.73096
2015-05-21 07:00:00,302.81653
2015-05-21 08:00:00,304.97662
2015-05-21 09:00:00,305.78778
2015-05-21 10:00:00,306.324
2015-05-21 11:00:00,306.4187
2015-05-21 12:00:00,305.17368
2015-05-21 13:00:00,304.93536
2015-05-21 14:00:00,303.28244
2015-05-21 15:00:00,301.4966
2015-05-21 16:00:00,299.03558
2015-05-21 17:00:00,296.91827
2015-05-21 18:00:00,296.96103
2015-05-21 19:00:00,296.75632
2015-05-21 20:00:00,296.51648
2015-05-21 21:00:00,295.28674
2015-05-21 22:00:00,294.2128
2015-05-21 23:00:00,293.5177
2015-05-22 00:00:00,293.2794
2015-05-22 01:00:00,294.70776
2015-05-22 02:00:00,297.06796
2015-05-22 03:00:00,297.1581
2015-05-22 04:00:00,297.89444
2015-05-22 05:00:00,303.42145
2015-05-22 06:00:00,303.9378
2015-05-22 07:00:00,304.11502
2015-05-22 08:00:00,306.82812
2015-05-22 09:00:00,307.08936
2015-05-22 10:00:00,305.5892
2015-05-22 11:00:00,305.59836
2015-05-22 12:00:00,305.7328
2015-05-22 13:00:00,304.7887
2015-05-22 14:00:00,303.93475
2015-05-22 15:00:00,300.65182
2015-05-22 16:00:00,299.7826
2015-05-22 17:00:00,298.0518
2015-05-22 18:00:00,298.1633
2015-05-22 19:00:00,297.31085
2015-05-22 20:00:00,296.0521
2015-05-22 21:00:00,295.3448
2015-05-22 22:00:00,293.3451
2015-05-22 23:00:00,292.80582
2015-05-23 00:00:00,294.08447
2015-05-23 01:00:00,294.90787
2015-05-23 02:00:00,296.09332
2015-05-23 03:00:00,297.04962
2015-05-23 04:00:00,297.7554
2015-05-23 05:00:00,302.72333
2015-05-23 06:00:00,303.46576
2015-05-23 07:00:00,303.54672
2015-05-23 08:00:00,305.22104
2015-05-23 09:00:00,305.61517
2015-05-23 10:00:00,304.6176
2015-05-23 11:00:00,303.82935
2015-05-23 12:00:00,303.62158
2015-05-23 13:00:00,302.8654
2015-05-23 14:00:00,300.84433
2015-05-23 15:00:00,300.49753
2015-05-23 16:00:00,299.18988
2015-05-23 17:00:00,297.87457
2015-05-23 18:00:00,297.4682
2015-05-23 19:00:00,297.2345
2015-05-23 20:00:00,295.42728
2015-05-23 21:00:00,294.8926
2015-05-23 22:00:00,293.46423
2015-05-23 23:00:00,293.27786
2015-05-24 00:00:00,293.23663
2015-05-24 01:00:00,292.75693
2015-05-24 02:00:00,292.85318
2015-05-24 03:00:00,297.9922
2015-05-24 04:00:00,299.18378
2015-05-24 05:00:00,299.94913
2015-05-24 06:00:00,300.55865
2015-05-24 07:00:00,300.67474
2015-05-24 08:00:00,302.50336
2015-05-24 09:00:00,302.37808
2015-05-24 10:00:00,300.1477
2015-05-24 11:00:00,299.34113
2015-05-24 12:00:00,299.47403
2015-05-24 13:00:00,300.05606
2015-05-24 14:00:00,299.77954
2015-05-24 15:00:00,299.4557
2015-05-24 16:00:00,298.4444
2015-05-24 17:00:00,295.9879
2015-05-24 18:00:00,295.3845
2015-05-24 19:00:00,294.9476
2015-05-24 20:00:00,295.01175
2015-05-24 21:00:00,293.2305
2015-05-24 22:00:00,292.2589
2015-05-24 23:00:00,292.02368
2015-05-25 00:00:00,291.79453
2015-05-25 01:00:00,291.2125
2015-05-25 02:00:00,294.0096
2015-05-25 03:00:00,294.5122
2015-05-25 04:00:00,295.65796
2015-05-25 05:00:00,300.71143
2015-05-25 06:00:00,300.72516
2015-05-25 07:00:00,301.05206
2015-05-25 08:00:00,303.0808
2015-05-25 09:00:00,303.6567
2015-05-25 10:00:00,303.91946
2015-05-25 11:00:00,303.3787
2015-05-25 12:00:00,301.53177
2015-05-25 13:00:00,299.16086
2015-05-25 14:00:00,295.20422
2015-05-25 15:00:00,295.2959
2015-05-25 16:00:00,295.33255
2015-05-25 17:00:00,294.06308
2015-05-25 18:00:00,294.28918
2015-05-25 19:00:00,293.8324
2015-05-25 20:00:00,292.26657
2015-05-25 21:00:00,292.4728
2015-05-25 22:00:00,291.40344
2015-05-25 23:00:00,291.48288
2015-05-26 00:00:00,291.24457
2015-05-26 01:00:00,291.42178
2015-05-26 02:00:00,294.09058
2015-05-26 03:00:00,295.35547
2015-05-26 04:00:00,295.4563
2015-05-26 05:00:00,299.0585
2015-05-26 06:00:00,299.66193
2015-05-26 07:00:00,299.93384
2015-05-26 08:00:00,302.84247
2015-05-26 09:00:00,303.08997
2015-05-26 10:00:00,303.7056
2015-05-26 11:00:00,303.94543
2015-05-26 12:00:00,304.15167
2015-05-26 13:00:00,304.2968
2015-05-26 14:00:00,302.13672
2015-05-26 15:00:00,297.67902
2015-05-26 16:00:00,296.78076
2015-05-26 17:00:00,295.4777
2015-05-26 18:00:00,295.34784
2015-05-26 19:00:00,294.66345
2015-05-26 20:00:00,293.88892
2015-05-26 21:00:00,292.96622
2015-05-26 22:00:00,291.62802
2015-05-26 23:00:00,291.1758
2015-05-27 00:00:00,291.02765
2015-05-27 01:00:00,290.67935
2015-05-27 02:00:00,294.6879
2015-05-27 03:00:00,295.66254
2015-05-27 04:00:00,296.96255
2015-05-27 05:00:00,301.5333
2015-05-27 06:00:00,303.06857
2015-05-27 07:00:00,303.45966
2015-05-27 08:00:00,305.72668
2015-05-27 09:00:00,305.91916
2015-05-27 10:00:00,305.87335
2015-05-27 11:00:00,305.85654
2015-05-27 12:00:00,305.9161
2015-05-27 13:00:00,305.56628
2015-05-27 14:00:00,302.13367
2015-05-27 15:00:00,301.13458
2015-05-27 16:00:00,299.73218
2015-05-27 17:00:00,297.0695
2015-05-27 18:00:00,297.0985
2015-05-27 19:00:00,296.83423
2015-05-27 20:00:00,295.07745
2015-05-27 21:00:00,294.3854
2015-05-27 22:00:00,292.9754
2015-05-27 23:00:00,292.50793
2015-05-28 00:00:00,292.4285
2015-05-28 01:00:00,292.77374
2015-05-28 02:00:00,296.34082
2015-05-28 03:00:00,297.5339
2015-05-28 04:00:00,298.41077
2015-05-28 05:00:00,303.54825
2015-05-28 06:00:00,303.99585
2015-05-28 07:00:00,304.225
2015-05-28 08:00:00,306.7609
2015-05-28 09:00:00,306.83423
2015-05-28 10:00:00,306.28427
2015-05-28 11:00:00,306.20636
2015-05-28 12:00:00,306.0551
2015-05-28 13:00:00,305.93292
2015-05-28 14:00:00,303.8828
2015-05-28 15:00:00,303.87213
2015-05-28 16:00:00,301.53787
2015-05-28 17:00:00,299.95065
2015-05-28 18:00:00,299.39307
2015-05-28 19:00:00,299.00656
2015-05-28 20:00:00,297.65152
2015-05-28 21:00:00,296.38205
2015-05-28 22:00:00,294.48776
2015-05-28 23:00:00,294.03558
2015-05-29 00:00:00,293.77893
2015-05-29 01:00:00,293.71783
2015-05-29 02:00:00,296.66315
2015-05-29 03:00:00,297.65152
2015-05-29 04:00:00,298.34814
2015-05-29 05:00:00,301.96408
2015-05-29 06:00:00,302.19324
2015-05-29 07:00:00,302.346
2015-05-29 08:00:00,303.69644
2015-05-29 09:00:00,303.63226
2015-05-29 10:00:00,302.85928
2015-05-29 11:00:00,302.1902
2015-05-29 12:00:00,301.96408
2015-05-29 13:00:00,301.77008
2015-05-29 14:00:00,298.811
2015-05-29 15:00:00,298.76825
2015-05-29 16:00:00,298.562
2015-05-29 17:00:00,296.59592
2015-05-29 18:00:00,296.10095
2015-05-29 19:00:00,296.24457
2015-05-29 20:00:00,294.6451
2015-05-29 21:00:00,294.4618
2015-05-29 22:00:00,293.18927
2015-05-29 23:00:00,292.84708
2015-05-30 00:00:00,294.97662
2015-05-30 01:00:00,294.85593
2015-05-30 02:00:00,295.96194
2015-05-30 03:00:00,296.67993
2015-05-30 04:00:00,297.25128
2015-05-30 05:00:00,302.06796
2015-05-30 06:00:00,302.57974
2015-05-30 07:00:00,303.03192
2015-05-30 08:00:00,305.496
2015-05-30 09:00:00,305.72668
2015-05-30 10:00:00,305.72974
2015-05-30 11:00:00,306.02612
2015-05-30 12:00:00,304.3243
2015-05-30 13:00:00,304.9812
2015-05-30 14:00:00,302.57666
2015-05-30 15:00:00,303.22134
2015-05-30 16:00:00,302.33682
2015-05-30 17:00:00,301.2904
2015-05-30 18:00:00,298.57574
2015-05-30 19:00:00,297.81348
2015-05-30 20:00:00,297.6439
2015-05-30 21:00:00,297.14282
2015-05-30 22:00:00,293.69644
2015-05-30 23:00:00,293.63687
2015-05-31 00:00:00,293.3848
2015-05-31 01:00:00,293.2076
2015-05-31 02:00:00,296.654
2015-05-31 03:00:00,297.1138
2015-05-31 04:00:00,297.94025
2015-05-31 05:00:00,302.90817
2015-05-31 06:00:00,303.22287
2015-05-31 07:00:00,303.16177
2015-05-31 08:00:00,305.1905
2015-05-31 09:00:00,304.02487
2015-05-31 10:00:00,303.11136
2015-05-31 11:00:00,302.0298
2015-05-31 12:00:00,302.53696
2015-05-31 13:00:00,302.76306
2015-05-31 14:00:00,301.2583
2015-05-31 15:00:00,299.34113
2015-05-31 16:00:00,298.9653
2015-05-31 17:00:00,297.51556
2015-05-31 18:00:00,296.43094
2015-05-31 19:00:00,296.02765
2015-05-31 20:00:00,295.52658
2015-05-31 21:00:00,295.1263
2015-05-31 22:00:00,292.8822
2015-05-31 23:00:00,292.64542
2015-06-01 00:00:00,292.2681
2015-06-01 01:00:00,292.3078
2015-06-01 02:00:00,294.96896
2015-06-01 03:00:00,295.6946
2015-06-01 04:00:00,296.06888
2015-06-01 05:00:00,301.33926
2015-06-01 06:00:00,301.69522
2015-06-01 07:00:00,301.96408
2015-06-01 08:00:00,302.5614
2015-06-01 09:00:00,302.8043
2015-06-01 10:00:00,304.97815
2015-06-01 11:00:00,304.54123
2015-06-01 12:00:00,303.6231
2015-06-01 13:00:00,301.96255
2015-06-01 14:00:00,301.14984
2015-06-01 15:00:00,300.71906
2015-06-01 16:00:00,300.35394
2015-06-01 17:00:00,297.7432
2015-06-01 18:00:00,297.1963
2015-06-01 19:00:00,296.93658
2015-06-01 20:00:00,295.62738
2015-06-01 21:00:00,295.55103
2015-06-01 22:00:00,293.58188
2015-06-01 23:00:00,293.08234
2015-06-02 00:00:00,293.00748
2015-06-02 01:00:00,293.02124
2015-06-02 02:00:00,293.6995
2015-06-02 03:00:00,298.4673
2015-06-02 04:00:00,299.09515
2015-06-02 05:00:00,299.88647
2015-06-02 06:00:00,300.36157
2015-06-02 07:00:00,300.771
2015-06-02 08:00:00,303.63535
2015-06-02 09:00:00,303.58798
2015-06-02 10:00:00,301.78687
2015-06-02 11:00:00,301.45233
2015-06-02 12:00:00,301.2904
2015-06-02 13:00:00,301.1697
2015-06-02 14:00:00,299.584
2015-06-02 15:00:00,299.67566
2015-06-02 16:00:00,299.804
2015-06-02 17:00:00,298.46423
2015-06-02 18:00:00,296.9106
2015-06-02 19:00:00,296.68912
2015-06-02 20:00:00,295.4731
2015-06-02 21:00:00,295.01175
2015-06-02 22:00:00,292.71112
2015-06-02 23:00:00,292.76154
2015-06-03 00:00:00,292.91736
2015-06-03 01:00:00,292.5553
2015-06-03 02:00:00,293.7209
2015-06-03 03:00:00,294.02185
2015-06-03 04:00:00,294.36862
2015-06-03 05:00:00,298.23816
2015-06-03 06:00:00,298.58646
2015-06-03 07:00:00,298.64755
2015-06-03 08:00:00,299.09058
2015-06-03 09:00:00,298.1526
2015-06-03 10:00:00,298.0915
2015-06-03 11:00:00,297.82568
2015-06-03 12:00:00,298.28705
2015-06-03 13:00:00,297.81348
2015-06-03 14:00:00,296.6601
2015-06-03 15:00:00,296.57605
2015-06-03 16:00:00,296.73648
2015-06-03 17:00:00,295.35852
2015-06-03 18:00:00,295.4731
2015-06-03 19:00:00,295.40436
2015-06-03 20:00:00,294.27695
2015-06-03 21:00:00,294.02948
2015-06-03 22:00:00,292.73248
2015-06-03 23:00:00,292.81348
2015-06-04 00:00:00,292.41016
2015-06-04 01:00:00,292.86847
2015-06-04 02:00:00,294.71997
2015-06-04 03:00:00,295.17215
2015-06-04 04:00:00,295.41046
2015-06-04 05:00:00,297.69736
2015-06-04 06:00:00,298.17856
2015-06-04 07:00:00,298.5452
2015-06-04 08:00:00,297.66833
2015-06-04 09:00:00,297.15503
2015-06-04 10:00:00,299.31207
2015-06-04 11:00:00,298.60327
2015-06-04 12:00:00,298.7881
2015-06-04 13:00:00,298.82782
2015-06-04 14:00:00,297.34296
2015-06-04 15:00:00,297.19324
2015-06-04 16:00:00,297.8608
2015-06-04 17:00:00,296.8113
2015-06-04 18:00:00,295.84433
2015-06-04 19:00:00,295.5617
2015-06-04 20:00:00,294.3732
2015-06-04 21:00:00,294.28766
2015-06-04 22:00:00,292.98456
2015-06-04 23:00:00,292.73557
2015-06-05 00:00:00,292.5889
2015-06-05 01:00:00,292.41626
2015-06-05 02:00:00,294.77344
2015-06-05 03:00:00,294.30902
2015-06-05 04:00:00,294.1746
2015-06-05 05:00:00,297.1566
2015-06-05 06:00:00,298.20758
2015-06-05 07:00:00,298.3787
2015-06-05 08:00:00,299.46637
2015-06-05 09:00:00,298.66895
2015-06-05 10:00:00,298.70407
2015-06-05 11:00:00,298.73004
2015-06-05 12:00:00,298.83087
2015-06-05 13:00:00,298.90115
2015-06-05 14:00:00,297.28336
2015-06-05 15:00:00,297.7661
2015-06-05 16:00:00,297.72333
2015-06-05 17:00:00,295.79544
2015-06-05 18:00:00,295.56323
2015-06-05 19:00:00,295.52963
2015-06-05 20:00:00,293.79727
2015-06-05 21:00:00,293.6277
2015-06-05 22:00:00,292.1978
2015-06-05 23:00:00,292.18103
2015-06-06 00:00:00,292.39948
2015-06-06 01:00:00,292.47433
2015-06-06 02:00:00,295.412
2015-06-06 03:00:00,295.85806
2015-06-06 04:00:00,296.0154
2015-06-06 05:00:00,300.78473
2015-06-06 06:00:00,301.2308
2015-06-06 07:00:00,301.33163
2015-06-06 08:00:00,304.17764
2015-06-06 09:00:00,304.5244
2015-06-06 10:00:00,305.26074
2015-06-06 11:00:00,306.09332
2015-06-06 12:00:00,305.81375
2015-06-06 13:00:00,306.185
2015-06-06 14:00:00,303.02426
2015-06-06 15:00:00,303.3741
2015-06-06 16:00:00,302.1306
2015-06-06 17:00:00,299.02643
2015-06-06 18:00:00,298.61548
2015-06-06 19:00:00,298.009
2015-06-06 20:00:00,296.86633
2015-06-06 21:00:00,296.63107
2015-06-06 22:00:00,294.06766
2015-06-06 23:00:00,294.05392
2015-06-07 00:00:00,294.09058
2015-06-07 01:00:00,293.85074
2015-06-07 02:00:00,296.5501
2015-06-07 03:00:00,298.1083
2015-06-07 04:00:00,298.45966
2015-06-07 05:00:00,303.50397
2015-06-07 06:00:00,304.13794
2015-06-07 07:00:00,304.40527
2015-06-07 08:00:00,306.81284
2015-06-07 09:00:00,307.02365
2015-06-07 10:00:00,307.54764
2015-06-07 11:00:00,307.8654
2015-06-07 12:00:00,307.65457
2015-06-07 13:00:00,306.47522
2015-06-07 14:00:00,303.20758
2015-06-07 15:00:00,304.61
2015-06-07 16:00:00,303.69186
2015-06-07 17:00:00,301.10556
2015-06-07 18:00:00,300.44254
2015-06-07 19:00:00,300.4013
2015-06-07 20:00:00,297.86847
2015-06-07 21:00:00,297.41016
2015-06-07 22:00:00,296.0429
2015-06-07 23:00:00,296.26596
2015-06-08 00:00:00,296.80673
2015-06-08 01:00:00,297.2253
2015-06-08 02:00:00,298.66284
2015-06-08 03:00:00,299.90024
2015-06-08 04:00:00,300.64114
2015-06-08 05:00:00,304.41443
2015-06-08 06:00:00,305.16605
2015-06-08 07:00:00,305.41504
2015-06-08 08:00:00,307.61945
2015-06-08 09:00:00,308.44437
2015-06-08 10:00:00,305.4502
2015-06-08 11:00:00,305.66254
2015-06-08 12:00:00,306.3072
2015-06-08 13:00:00,306.96713
2015-06-08 14:00:00,302.73706
2015-06-08 15:00:00,302.98303
2015-06-08 16:00:00,302.13977
2015-06-08 17:00:00,300.59836
2015-06-08 18:00:00,300.60907
2015-06-08 19:00:00,300.1691
2015-06-08 20:00:00,297.96622
2015-06-08 21:00:00,297.41016
2015-06-08 22:00:00,296.36218
2015-06-08 23:00:00,296.09943
2015-06-09 00:00:00,296.49664
2015-06-09 01:00:00,296.6876
2015-06-09 02:00:00,299.15472
2015-06-09 03:00:00,299.1746
2015-06-09 04:00:00,299.70468
2015-06-09 05:00:00,303.562
2015-06-09 06:00:00,304.18222
2015-06-09 07:00:00,304.54428
2015-06-09 08:00:00,307.48044
2015-06-09 09:00:00,307.79666
2015-06-09 10:00:00,307.5064
2015-06-09 11:00:00,307.15808
2015-06-09 12:00:00,306.36523
2015-06-09 13:00:00,306.98395
2015-06-09 14:00:00,304.61456
2015-06-09 15:00:00,304.2403
2015-06-09 16:00:00,303.3955
2015-06-09 17:00:00,300.79697
2015-06-09 18:00:00,300.87946
2015-06-09 19:00:00,300.55865
2015-06-09 20:00:00,298.70407
2015-06-09 21:00:00,298.52075
2015-06-09 22:00:00,296.89993
2015-06-09 23:00:00,296.73187
2015-06-10 00:00:00,296.64938
2015-06-10 01:00:00,296.88617
2015-06-10 02:00:00,299.22806
2015-06-10 03:00:00,299.88342
2015-06-10 04:00:00,300.39368
2015-06-10 05:00:00,303.92102
2015-06-10 06:00:00,303.98822
2015-06-10 07:00:00,303.96378
2015-06-10 08:00:00,305.05453
2015-06-10 09:00:00,304.05237
2015-06-10 10:00:00,302.3353
2015-06-10 11:00:00,302.4835
2015-06-10 12:00:00,301.7166
2015-06-10 13:00:00,301.78534
2015-06-10 14:00:00,300.3356
2015-06-10 15:00:00,301.1758
2015-06-10 16:00:00,299.85593
2015-06-10 17:00:00,296.91672
2015-06-10 18:00:00,297.126
2015-06-10 19:00:00,297.2742
2015-06-10 20:00:00,296.049
2015-06-10 21:00:00,295.48532
2015-06-10 22:00:00,294.49542
2015-06-10 23:00:00,294.36096
2015-06-11 00:00:00,294.18073
2015-06-11 01:00:00,294.62524
2015-06-11 02:00:00,296.38815
2015-06-11 03:00:00,296.66467
2015-06-11 04:00:00,297.73557
2015-06-11 05:00:00,302.3078
2015-06-11 06:00:00,302.86234
2015-06-11 07:00:00,303.08844
2015-06-11 08:00:00,303.90726
2015-06-11 09:00:00,305.86417
2015-06-11 10:00:00,304.82996
2015-06-11 11:00:00,304.86816
2015-06-11 12:00:00,304.05545
2015-06-11 13:00:00,304.0707
2015-06-11 14:00:00,302.3949
2015-06-11 15:00:00,301.70285
2015-06-11 16:00:00,301.91367
2015-06-11 17:00:00,299.19446
2015-06-11 18:00:00,299.3854
2015-06-11 19:00:00,299.18683
2015-06-11 20:00:00,297.4789
2015-06-11 21:00:00,297.1306
2015-06-11 22:00:00,295.53726
2015-06-11 23:00:00,295.17062
2015-06-12 00:00:00,294.96744
2015-06-12 01:00:00,295.05606
2015-06-12 02:00:00,297.57056
2015-06-12 03:00:00,298.13275
2015-06-12 04:00:00,298.64145
2015-06-12 05:00:00,303.45355
2015-06-12 06:00:00,303.92407
2015-06-12 07:00:00,304.5122
2015-06-12 08:00:00,306.69217
2015-06-12 09:00:00,307.3506
2015-06-12 10:00:00,308.30536
2015-06-12 11:00:00,308.21216
2015-06-12 12:00:00,307.84247
2015-06-12 13:00:00,307.236
2015-06-12 14:00:00,304.81467
2015-06-12 15:00:00,305.79544
2015-06-12 16:00:00,304.37778
2015-06-12 17:00:00,301.6601
2015-06-12 18:00:00,301.3347
2015-06-12 19:00:00,301.07498
2015-06-12 20:00:00,298.80948
2015-06-12 21:00:00,298.21677
2015-06-12 22:00:00,296.66315
2015-06-12 23:00:00,296.24304
2015-06-13 00:00:00,296.1575
2015-06-13 01:00:00,296.3347
2015-06-13 02:00:00,296.65244
2015-06-13 03:00:00,298.52075
2015-06-13 04:00:00,299.10278
2015-06-13 05:00:00,302.57056
2015-06-13 06:00:00,303.33438
2015-06-13 07:00:00,303.4902
2015-06-13 08:00:00,305.8153
2015-06-13 09:00:00,306.22623
2015-06-13 10:00:00,307.511
2015-06-13 11:00:00,307.13214
2015-06-13 12:00:00,306.9091
2015-06-13 13:00:00,307.01144
2015-06-13 14:00:00,304.24487
2015-06-13 15:00:00,303.99585
2015-06-13 16:00:00,303.46576
2015-06-13 17:00:00,299.4954
2015-06-13 18:00:00,298.63382
2015-06-13 19:00:00,298.16483
2015-06-13 20:00:00,296.4615
2015-06-13 21:00:00,295.08356
2015-06-13 22:00:00,294.79483
2015-06-13 23:00:00,294.14557
2015-06-14 00:00:00,293.79727
2015-06-14 01:00:00,293.48715
2015-06-14 02:00:00,296.89075
2015-06-14 03:00:00,298.3298
2015-06-14 04:00:00,298.60327
2015-06-14 05:00:00,302.925
2015-06-14 06:00:00,303.39243
2015-06-14 07:00:00,303.58493
2015-06-14 08:00:00,304.6054
2015-06-14 09:00:00,305.93903
2015-06-14 10:00:00,304.0982
2015-06-14 11:00:00,302.72943
2015-06-14 12:00:00,301.7502
2015-06-14 13:00:00,301.0154
2015-06-14 14:00:00,299.1471
2015-06-14 15:00:00,298.30536
2015-06-14 16:00:00,298.31146
2015-06-14 17:00:00,296.25677
2015-06-14 18:00:00,296.324
2015-06-14 19:00:00,296.13916
2015-06-14 20:00:00,294.4572
2015-06-14 21:00:00,294.38846
2015-06-14 22:00:00,294.81165
2015-06-14 23:00:00,294.5336
2015-06-15 00:00:00,294.47556
2015-06-15 01:00:00,294.38388
2015-06-15 02:00:00,296.38205
2015-06-15 03:00:00,296.23694
2015-06-15 04:00:00,296.0704
2015-06-15 05:00:00,298.51617
2015-06-15 06:00:00,298.93018
2015-06-15 07:00:00,299.01572
2015-06-15 08:00:00,300.90695
2015-06-15 09:00:00,301.51038
2015-06-15 10:00:00,300.22714
2015-06-15 11:00:00,300.5953
2015-06-15 12:00:00,301.08112
2015-06-15 13:00:00,301.10248
2015-06-15 14:00:00,298.49173
2015-06-15 15:00:00,297.82263
2015-06-15 16:00:00,297.9647
2015-06-15 17:00:00,295.78473
2015-06-15 18:00:00,295.9803
2015-06-15 19:00:00,295.86264
2015-06-15 20:00:00,294.68637
2015-06-15 21:00:00,294.46027
2015-06-15 22:00:00,292.33838
2015-06-15 23:00:00,292.0741
2015-06-16 00:00:00,291.8098
2015-06-16 01:00:00,291.84647
2015-06-16 02:00:00,294.88647
2015-06-16 03:00:00,296.50275
2015-06-16 04:00:00,297.08936
2015-06-16 05:00:00,301.58676
2015-06-16 06:00:00,302.23755
2015-06-16 07:00:00,301.96103
2015-06-16 08:00:00,303.15564
2015-06-16 09:00:00,304.15472
2015-06-16 10:00:00,304.99188
2015-06-16 11:00:00,305.04993
2015-06-16 12:00:00,305.45935
2015-06-16 13:00:00,305.63196
2015-06-16 14:00:00,303.064
2015-06-16 15:00:00,302.1352
2015-06-16 16:00:00,302.2192
2015-06-16 17:00:00,299.66498
2015-06-16 18:00:00,299.03406
2015-06-16 19:00:00,298.85074
2015-06-16 20:00:00,296.99924
2015-06-16 21:00:00,296.70132
2015-06-16 22:00:00,296.0307
2015-06-16 23:00:00,295.71143
2015-06-17 00:00:00,295.74197
2015-06-17 01:00:00,296.53787
2015-06-17 02:00:00,298.24274
2015-06-17 03:00:00,299.18988
2015-06-17 04:00:00,299.38693
2015-06-17 05:00:00,303.8263
2015-06-17 06:00:00,304.2739
2015-06-17 07:00:00,304.54733
2015-06-17 08:00:00,306.628
2015-06-17 09:00:00,306.573
2015-06-17 10:00:00,307.85623
2015-06-17 11:00:00,308.3069
2015-06-17 12:00:00,308.53146
2015-06-17 13:00:00,308.4062
2015-06-17 14:00:00,305.08203
2015-06-17 15:00:00,304.76733
2015-06-17 16:00:00,305.47003
2015-06-17 17:00:00,302.9647
2015-06-17 18:00:00,301.90298
2015-06-17 19:00:00,301.1086
2015-06-17 20:00:00,299.22348
2015-06-17 21:00:00,299.1196
2015-06-17 22:00:00,297.55072
2015-06-17 23:00:00,297.47125
2015-06-18 00:00:00,297.35822
2015-06-18 01:00:00,298.1694
2015-06-18 02:00:00,300.83362
2015-06-18 03:00:00,300.98486
2015-06-18 04:00:00,301.09332
2015-06-18 05:00:00,302.13672
2015-06-18 06:00:00,306.86783
2015-06-18 07:00:00,307.12753
2015-06-18 08:00:00,308.3451
2015-06-18 09:00:00,308.46118
2015-06-18 10:00:00,309.26624
2015-06-18 11:00:00,309.09515
2015-06-18 12:00:00,309.18222
2015-06-18 13:00:00,308.8813
2015-06-18 14:00:00,306.50732
2015-06-18 15:00:00,306.10553
2015-06-18 16:00:00,306.13153
2015-06-18 17:00:00,304.35333
2015-06-18 18:00:00,302.3918
2015-06-18 19:00:00,302.07867
2015-06-18 20:00:00,301.43552
2015-06-18 21:00:00,300.02856
2015-06-18 22:00:00,299.50305
2015-06-18 23:00:00,299.48624
2015-06-19 00:00:00,298.88434
2015-06-19 01:00:00,299.38083
2015-06-19 02:00:00,301.94574
2015-06-19 03:00:00,301.93353
2015-06-19 04:00:00,302.24976
2015-06-19 05:00:00,307.45752
2015-06-19 06:00:00,307.65457
2015-06-19 07:00:00,307.7829
2015-06-19 08:00:00,310.25006
2015-06-19 09:00:00,310.18283
2015-06-19 10:00:00,310.26685
2015-06-19 11:00:00,310.08203
2015-06-19 12:00:00,309.61304
2015-06-19 13:00:00,309.92468
2015-06-19 14:00:00,308.2855
2015-06-19 15:00:00,307.93567
2015-06-19 16:00:00,307.7065
2015-06-19 17:00:00,305.8199
2015-06-19 18:00:00,304.6497
2015-06-19 19:00:00,304.40375
2015-06-19 20:00:00,302.45752
2015-06-19 21:00:00,301.4401
2015-06-19 22:00:00,300.39978
2015-06-19 23:00:00,300.1538
2015-06-20 00:00:00,300.08203
2015-06-20 01:00:00,299.80704
2015-06-20 02:00:00,302.21768
2015-06-20 03:00:00,302.96774
2015-06-20 04:00:00,303.23355
2015-06-20 05:00:00,306.56842
2015-06-20 06:00:00,306.88922
2015-06-20 07:00:00,307.14282
2015-06-20 08:00:00,307.8547
2015-06-20 09:00:00,309.1471
2015-06-20 10:00:00,307.0985
2015-06-20 11:00:00,307.60876
2015-06-20 12:00:00,305.61975
2015-06-20 13:00:00,304.0203
2015-06-20 14:00:00,301.88922
2015-06-20 15:00:00,301.14984
2015-06-20 16:00:00,301.14374
2015-06-20 17:00:00,299.7551
2015-06-20 18:00:00,299.57788
2015-06-20 19:00:00,299.69553
2015-06-20 20:00:00,299.14404
2015-06-20 21:00:00,298.5895
2015-06-20 22:00:00,297.04504
2015-06-20 23:00:00,297.55072
2015-06-21 00:00:00,299.11044
2015-06-21 01:00:00,298.66437
2015-06-21 02:00:00,298.53757
2015-06-21 03:00:00,299.4496
2015-06-21 04:00:00,299.17764
2015-06-21 05:00:00,301.6387
2015-06-21 06:00:00,302.6714
2015-06-21 07:00:00,303.6567
2015-06-21 08:00:00,303.66742
2015-06-21 09:00:00,302.4193
2015-06-21 10:00:00,301.8434
2015-06-21 11:00:00,302.24365
2015-06-21 12:00:00,303.27176
2015-06-21 13:00:00,304.30292
2015-06-21 14:00:00,302.2314
2015-06-21 15:00:00,302.3796
2015-06-21 16:00:00,302.789
2015-06-21 17:00:00,300.70377
2015-06-21 18:00:00,300.357
2015-06-21 19:00:00,300.04077
2015-06-21 20:00:00,298.2962
2015-06-21 21:00:00,298.2687
2015-06-21 22:00:00,296.64938
2015-06-21 23:00:00,296.0368
2015-06-22 00:00:00,295.94516
2015-06-22 01:00:00,295.7985
2015-06-22 02:00:00,298.90268
2015-06-22 03:00:00,299.51526
2015-06-22 04:00:00,299.66193
2015-06-22 05:00:00,303.70407
2015-06-22 06:00:00,304.2861
2015-06-22 07:00:00,304.28152
2015-06-22 08:00:00,305.13702
2015-06-22 09:00:00,304.96744
2015-06-22 10:00:00,304.16544
2015-06-22 11:00:00,304.7429
2015-06-22 12:00:00,305.11258
2015-06-22 13:00:00,305.28824
2015-06-22 14:00:00,301.7487
2015-06-22 15:00:00,301.45233
2015-06-22 16:00:00,301.71967
2015-06-22 17:00:00,299.68637
2015-06-22 18:00:00,299.694
2015-06-22 19:00:00,299.67108
2015-06-22 20:00:00,298.2244
2015-06-22 21:00:00,297.81653
2015-06-22 22:00:00,297.12143
2015-06-22 23:00:00,296.78534
2015-06-23 00:00:00,297.07562
2015-06-23 01:00:00,297.12143
2015-06-23 02:00:00,298.38174
2015-06-23 03:00:00,298.947
2015-06-23 04:00:00,299.74594
2015-06-23 05:00:00,303.26257
2015-06-23 06:00:00,303.1037
2015-06-23 07:00:00,302.6561
2015-06-23 08:00:00,303.33743
2015-06-23 09:00:00,303.97754
2015-06-23 10:00:00,301.39886
2015-06-23 11:00:00,301.87396
2015-06-23 12:00:00,300.43948
2015-06-23 13:00:00,299.04932
2015-06-23 14:00:00,298.04565
2015-06-23 15:00:00,298.10065
2015-06-23 16:00:00,298.07315
2015-06-23 17:00:00,297.01602
2015-06-23 18:00:00,296.99158
2015-06-23 19:00:00,296.89075
2015-06-23 20:00:00,296.01236
2015-06-23 21:00:00,296.05667
2015-06-23 22:00:00,296.30872
2015-06-23 23:00:00,296.5776
2015-06-24 00:00:00,296.6234
2015-06-24 01:00:00,296.17276
2015-06-24 02:00:00,296.0307
2015-06-24 03:00:00,295.6503
2015-06-24 04:00:00,295.56934
2015-06-24 05:00:00,297.0313
2015-06-24 06:00:00,296.84036
2015-06-24 07:00:00,296.31177
2015-06-24 08:00:00,295.9696
2015-06-24 09:00:00,296.2247
2015-06-24 10:00:00,295.13092
2015-06-24 11:00:00,295.39825
2015-06-24 12:00:00,296.07193
2015-06-24 13:00:00,296.0215
2015-06-24 14:00:00,295.4563
2015-06-24 15:00:00,295.61823
2015-06-24 16:00:00,295.68393
2015-06-24 17:00:00,294.84982
2015-06-24 18:00:00,294.9308
2015-06-24 19:00:00,294.75357
2015-06-24 20:00:00,294.031
2015-06-24 21:00:00,294.16086
2015-06-24 22:00:00,291.8984
2015-06-24 23:00:00,292.15506
2015-06-25 00:00:00,292.29712
2015-06-25 01:00:00,292.38876
2015-06-25 02:00:00,293.49326
2015-06-25 03:00:00,294.32278
2015-06-25 04:00:00,294.61456
2015-06-25 05:00:00,298.1694
2015-06-25 06:00:00,298.49326
2015-06-25 07:00:00,298.9103
2015-06-25 08:00:00,300.4899
2015-06-25 09:00:00,300.29132
2015-06-25 10:00:00,300.65488
2015-06-25 11:00:00,300.661
2015-06-25 12:00:00,300.83667
2015-06-25 13:00:00,300.53726
2015-06-25 14:00:00,298.2901
2015-06-25 15:00:00,298.26413
2015-06-25 16:00:00,297.89288
2015-06-25 17:00:00,296.29498
2015-06-25 18:00:00,296.0246
2015-06-25 19:00:00,296.18347
2015-06-25 20:00:00,294.91092
2015-06-25 21:00:00,294.71234
2015-06-25 22:00:00,293.8385
2015-06-25 23:00:00,293.83392
2015-06-26 00:00:00,293.64755
2015-06-26 01:00:00,293.8202
2015-06-26 02:00:00,295.50977
2015-06-26 03:00:00,296.47678
2015-06-26 04:00:00,296.8388
2015-06-26 05:00:00,300.75418
2015-06-26 06:00:00,301.17123
2015-06-26 07:00:00,301.38205
2015-06-26 08:00:00,303.71173
2015-06-26 09:00:00,304.09363
2015-06-26 10:00:00,304.01114
2015-06-26 11:00:00,304.07837
2015-06-26 12:00:00,303.8538
2015-06-26 13:00:00,303.91946
2015-06-26 14:00:00,301.29956
2015-06-26 15:00:00,301.95798
2015-06-26 16:00:00,301.4997
2015-06-26 17:00:00,299.16238
2015-06-26 18:00:00,298.9149
2015-06-26 19:00:00,299.0371
2015-06-26 20:00:00,297.68207
2015-06-26 21:00:00,297.262
2015-06-26 22:00:00,295.97418
2015-06-26 23:00:00,295.35852
2015-06-27 00:00:00,295.22256
2015-06-27 01:00:00,295.08203
2015-06-27 02:00:00,297.6332
2015-06-27 03:00:00,297.76764
2015-06-27 04:00:00,298.2397
2015-06-27 05:00:00,303.5116
2015-06-27 06:00:00,303.88892
2015-06-27 07:00:00,304.03558
2015-06-27 08:00:00,305.12784
2015-06-27 09:00:00,305.8214
2015-06-27 10:00:00,306.12082
2015-06-27 11:00:00,306.60968
2015-06-27 12:00:00,306.92896
2015-06-27 13:00:00,307.36584
2015-06-27 14:00:00,305.34018
2015-06-27 15:00:00,305.1691
2015-06-27 16:00:00,304.36096
2015-06-27 17:00:00,300.48837
2015-06-27 18:00:00,300.46545
2015-06-27 19:00:00,300.04993
2015-06-27 20:00:00,298.06094
2015-06-27 21:00:00,297.76306
2015-06-27 22:00:00,296.91214
2015-06-27 23:00:00,296.54245
2015-06-28 00:00:00,296.42636
2015-06-28 01:00:00,296.33163
2015-06-28 02:00:00,298.5681
2015-06-28 03:00:00,298.9103
2015-06-28 04:00:00,299.70316
2015-06-28 05:00:00,304.8376
2015-06-28 06:00:00,305.551
2015-06-28 07:00:00,305.8825
2015-06-28 08:00:00,308.43216
2015-06-28 09:00:00,308.5513
2015-06-28 10:00:00,308.30536
2015-06-28 11:00:00,308.33438
2015-06-28 12:00:00,308.68268
2015-06-28 13:00:00,308.97293
2015-06-28 14:00:00,306.45844
2015-06-28 15:00:00,305.91
2015-06-28 16:00:00,306.93048
2015-06-28 17:00:00,304.15778
2015-06-28 18:00:00,303.26257
2015-06-28 19:00:00,302.3903
2015-06-28 20:00:00,301.93048
2015-06-28 21:00:00,300.1355
2015-06-28 22:00:00,298.3512
2015-06-28 23:00:00,298.28244
2015-06-29 00:00:00,297.94177
2015-06-29 01:00:00,298.4352
2015-06-29 02:00:00,300.1905
2015-06-29 03:00:00,301.28275
2015-06-29 04:00:00,301.80673
2015-06-29 05:00:00,306.3454
2015-06-29 06:00:00,306.71356
2015-06-29 07:00:00,307.06796
2015-06-29 08:00:00,307.05728
2015-06-29 09:00:00,306.23386
2015-06-29 10:00:00,304.5947
2015-06-29 11:00:00,303.42145
2015-06-29 12:00:00,303.8385
2015-06-29 13:00:00,303.4841
2015-06-29 14:00:00,301.72272
2015-06-29 15:00:00,300.43033
2015-06-29 16:00:00,300.75876
2015-06-29 17:00:00,299.4893
2015-06-29 18:00:00,299.54123
2015-06-29 19:00:00,299.38693
2015-06-29 20:00:00,298.10526
2015-06-29 21:00:00,297.58585
2015-06-29 22:00:00,296.31024
2015-06-29 23:00:00,296.6051
2015-06-30 00:00:00,296.35455
2015-06-30 01:00:00,296.00626
2015-06-30 02:00:00,297.1138
2015-06-30 03:00:00,296.99768
2015-06-30 04:00:00,297.071
2015-06-30 05:00:00,298.26413
2015-06-30 06:00:00,303.5116
2015-06-30 07:00:00,303.1251
2015-06-30 08:00:00,302.9433
2015-06-30 09:00:00,303.09302
2015-06-30 10:00:00,303.77588
2015-06-30 11:00:00,303.21063
2015-06-30 12:00:00,303.22134
2015-06-30 13:00:00,303.67047
2015-06-30 14:00:00,302.07712
2015-06-30 15:00:00,302.0298
2015-06-30 16:00:00,302.1077
2015-06-30 17:00:00,300.2134
2015-06-30 18:00:00,300.1294
2015-06-30 19:00:00,299.93384
2015-06-30 20:00:00,298.368
2015-06-30 21:00:00,297.8486
2015-06-30 22:00:00,297.65
2015-06-30 23:00:00,297.1902
2015-07-01 00:00:00,297.29102
2015-07-01 01:00:00,296.6326
2015-07-01 02:00:00,297.65152
2015-07-01 03:00:00,297.86234
2015-07-01 04:00:00,298.38785
2015-07-01 05:00:00,301.5944
2015-07-01 06:00:00,302.6057
2015-07-01 07:00:00,302.8379
2015-07-01 08:00:00,304.73065
2015-07-01 09:00:00,304.9033
2015-07-01 10:00:00,303.80643
2015-07-01 11:00:00,303.87213
2015-07-01 12:00:00,304.5947
2015-07-01 13:00:00,304.639
2015-07-01 14:00:00,302.181
2015-07-01 15:00:00,301.9442
2015-07-01 16:00:00,301.78687
2015-07-01 17:00:00,300.12326
2015-07-01 18:00:00,300.38602
2015-07-01 19:00:00,300.52197
2015-07-01 20:00:00,299.91397
2015-07-01 21:00:00,298.7102
2015-07-01 22:00:00,297.02673
2015-07-01 23:00:00,296.95187
2015-07-02 00:00:00,296.70746
2015-07-02 01:00:00,296.31024
2015-07-02 02:00:00,296.40955
2015-07-02 03:00:00,296.48898
2015-07-02 04:00:00,296.8877
2015-07-02 05:00:00,299.63443
2015-07-02 06:00:00,300.89627
2015-07-02 07:00:00,300.9528
2015-07-02 08:00:00,302.94482
2015-07-02 09:00:00,303.68268
2015-07-02 10:00:00,302.954
2015-07-02 11:00:00,303.52075
2015-07-02 12:00:00,303.59866
2015-07-02 13:00:00,303.9317
2015-07-02 14:00:00,303.48257
2015-07-02 15:00:00,300.53574
2015-07-02 16:00:00,300.1141
2015-07-02 17:00:00,299.09363
2015-07-02 18:00:00,298.49326
2015-07-02 19:00:00,298.6888
2015-07-02 20:00:00,298.4688
2015-07-02 21:00:00,296.9702
2015-07-02 22:00:00,298.55743
2015-07-02 23:00:00,298.6231
2015-07-03 00:00:00,298.41382
2015-07-03 01:00:00,297.98914
2015-07-03 02:00:00,298.9653
2015-07-03 03:00:00,298.61395
2015-07-03 04:00:00,298.80795
2015-07-03 05:00:00,303.20605
2015-07-03 06:00:00,303.75906
2015-07-03 07:00:00,303.93628
2015-07-03 08:00:00,306.49203
2015-07-03 09:00:00,306.70285
2015-07-03 10:00:00,307.0695
2015-07-03 11:00:00,307.3231
2015-07-03 12:00:00,307.33072
2015-07-03 13:00:00,307.2192
2015-07-03 14:00:00,304.75204
2015-07-03 15:00:00,304.72455
2015-07-03 16:00:00,305.25922
2015-07-03 17:00:00,303.61395
2015-07-03 18:00:00,303.42145
2015-07-03 19:00:00,303.12967
2015-07-03 20:00:00,301.94116
2015-07-03 21:00:00,301.74564
2015-07-03 22:00:00,300.5006
2015-07-03 23:00:00,300.6442
2015-07-04 00:00:00,300.8825
2015-07-04 01:00:00,300.49753
2015-07-04 02:00:00,301.84186
2015-07-04 03:00:00,301.53635
2015-07-04 04:00:00,301.05206
2015-07-04 05:00:00,305.08508
2015-07-04 06:00:00,305.51434
2015-07-04 07:00:00,305.16605
2015-07-04 08:00:00,307.83942
2015-07-04 09:00:00,308.1037
2015-07-04 10:00:00,309.19904
2015-07-04 11:00:00,309.30444
2015-07-04 12:00:00,309.3014
2015-07-04 13:00:00,309.17612
2015-07-04 14:00:00,306.9091
2015-07-04 15:00:00,306.13763
2015-07-04 16:00:00,306.64938
2015-07-04 17:00:00,305.38754
2015-07-04 18:00:00,305.16605
2015-07-04 19:00:00,304.37167
2015-07-04 20:00:00,303.203
2015-07-04 21:00:00,303.24426
2015-07-04 22:00:00,302.90817
2015-07-04 23:00:00,302.71417
2015-07-05 00:00:00,302.21463
2015-07-05 01:00:00,301.6723
2015-07-05 02:00:00,303.00595
2015-07-05 03:00:00,302.40558
2015-07-05 04:00:00,302.41626
2015-07-05 05:00:00,306.38052
2015-07-05 06:00:00,306.69522
2015-07-05 07:00:00,306.6555
2015-07-05 08:00:00,309.16238
2015-07-05 09:00:00,309.21738
2015-07-05 10:00:00,309.0432
2015-07-05 11:00:00,309.0478
2015-07-05 12:00:00,309.29376
2015-07-05 13:00:00,308.2687
2015-07-05 14:00:00,306.5333
2015-07-05 15:00:00,306.63718
2015-07-05 16:00:00,306.7334
2015-07-05 17:00:00,304.26627
2015-07-05 18:00:00,303.71326
2015-07-05 19:00:00,302.64084
2015-07-05 20:00:00,300.80307
2015-07-05 21:00:00,300.43643
2015-07-05 22:00:00,299.32736
2015-07-05 23:00:00,299.27237
2015-07-06 00:00:00,298.70102
2015-07-06 01:00:00,298.22134
2015-07-06 02:00:00,299.33347
2015-07-06 03:00:00,299.46942
2015-07-06 04:00:00,298.947
2015-07-06 05:00:00,301.44467
2015-07-06 06:00:00,301.34692
2015-07-06 07:00:00,300.96347
2015-07-06 08:00:00,303.2122
2015-07-06 09:00:00,303.50397
2015-07-06 10:00:00,302.6668
2015-07-06 11:00:00,303.17093
2015-07-06 12:00:00,303.49478
2015-07-06 13:00:00,303.90878
2015-07-06 14:00:00,304.12875
2015-07-06 15:00:00,301.28275
2015-07-06 16:00:00,300.5892
2015-07-06 17:00:00,299.04016
2015-07-06 18:00:00,298.61395
2015-07-06 19:00:00,298.2794
2015-07-06 20:00:00,297.39337
2015-07-06 21:00:00,297.6393
2015-07-06 22:00:00,298.0487
2015-07-06 23:00:00,297.82263
2015-07-07 00:00:00,297.54764
2015-07-07 01:00:00,297.3949
2015-07-07 02:00:00,298.0976
2015-07-07 03:00:00,297.7768
2015-07-07 04:00:00,297.6042
2015-07-07 05:00:00,299.59927
2015-07-07 06:00:00,299.4832
2015-07-07 07:00:00,298.8492
2015-07-07 08:00:00,299.55194
2015-07-07 09:00:00,300.37076
2015-07-07 10:00:00,301.47372
2015-07-07 11:00:00,301.7823
2015-07-07 12:00:00,302.126
2015-07-07 13:00:00,302.0084
2015-07-07 14:00:00,300.4685
2015-07-07 15:00:00,300.10034
2015-07-07 16:00:00,299.93536
2015-07-07 17:00:00,299.16238
2015-07-07 18:00:00,298.72546
2015-07-07 19:00:00,298.78198
2015-07-07 20:00:00,297.90665
2015-07-07 21:00:00,297.81653
2015-07-07 22:00:00,296.70898
2015-07-07 23:00:00,296.78534
2015-07-08 00:00:00,296.82507
2015-07-08 01:00:00,296.64938
2015-07-08 02:00:00,297.27267
2015-07-08 03:00:00,297.30017
2015-07-08 04:00:00,297.60266
2015-07-08 05:00:00,299.90634
2015-07-08 06:00:00,301.01083
2015-07-08 07:00:00,300.56476
2015-07-08 08:00:00,302.6011
2015-07-08 09:00:00,302.72028
2015-07-08 10:00:00,302.40863
2015-07-08 11:00:00,302.7218
2015-07-08 12:00:00,303.14343
2015-07-08 13:00:00,303.41687
2015-07-08 14:00:00,301.434
2015-07-08 15:00:00,301.3851
2015-07-08 16:00:00,301.79147
2015-07-08 17:00:00,300.48532
2015-07-08 18:00:00,299.69858
2015-07-08 19:00:00,299.66498
2015-07-08 20:00:00,298.7545
2015-07-08 21:00:00,297.3903
2015-07-08 22:00:00,297.9158
2015-07-08 23:00:00,298.0212
2015-07-09 00:00:00,298.11746
2015-07-09 01:00:00,298.01663
2015-07-09 02:00:00,298.2626
2015-07-09 03:00:00,298.2122
2015-07-09 04:00:00,298.2351
2015-07-09 05:00:00,298.20914
2015-07-09 06:00:00,300.29895
2015-07-09 07:00:00,300.15076
2015-07-09 08:00:00,300.42728
2015-07-09 09:00:00,301.1804
2015-07-09 10:00:00,302.57666
2015-07-09 11:00:00,302.95554
2015-07-09 12:00:00,303.3451
2015-07-09 13:00:00,303.27786
2015-07-09 14:00:00,301.50732
2015-07-09 15:00:00,300.1538
2015-07-09 16:00:00,300.71753
2015-07-09 17:00:00,300.87793
2015-07-09 18:00:00,299.7719
2015-07-09 19:00:00,299.35028
2015-07-09 20:00:00,298.76978
2015-07-09 21:00:00,297.4499
2015-07-09 22:00:00,295.71295
2015-07-09 23:00:00,295.40436
2015-07-10 00:00:00,295.38144
2015-07-10 01:00:00,295.3448
2015-07-10 02:00:00,295.10187
2015-07-10 03:00:00,295.95584
2015-07-10 04:00:00,296.1697
2015-07-10 05:00:00,296.96408
2015-07-10 06:00:00,296.80978
2015-07-10 07:00:00,296.48746
2015-07-10 08:00:00,297.28488
2015-07-10 09:00:00,297.3017
2015-07-10 10:00:00,299.63138
2015-07-10 11:00:00,300.1034
2015-07-10 12:00:00,300.28366
2015-07-10 13:00:00,300.18286
2015-07-10 14:00:00,299.01877
2015-07-10 15:00:00,297.5889
2015-07-10 16:00:00,297.65765
2015-07-10 17:00:00,297.1138
2015-07-10 18:00:00,296.518
2015-07-10 19:00:00,295.96652
2015-07-10 20:00:00,295.97418
2015-07-10 21:00:00,294.91858
2015-07-10 22:00:00,294.74747
2015-07-10 23:00:00,294.6451
2015-07-11 00:00:00,294.37167
2015-07-11 01:00:00,294.27084
2015-07-11 02:00:00,295.5388
2015-07-11 03:00:00,296.94577
2015-07-11 04:00:00,297.18256
2015-07-11 05:00:00,297.58585
2015-07-11 06:00:00,297.2192
2015-07-11 07:00:00,297.34906
2015-07-11 08:00:00,298.00443
2015-07-11 09:00:00,299.66498
2015-07-11 10:00:00,300.43338
2015-07-11 11:00:00,300.59988
2015-07-11 12:00:00,300.75418
2015-07-11 13:00:00,300.68698
2015-07-11 14:00:00,298.77588
2015-07-11 15:00:00,297.8318
2015-07-11 16:00:00,297.36893
2015-07-11 17:00:00,296.93048
2015-07-11 18:00:00,295.66864
2015-07-11 19:00:00,295.23938
2015-07-11 20:00:00,294.65582
2015-07-11 21:00:00,294.9476
2015-07-11 22:00:00,295.19965
2015-07-11 23:00:00,295.44562
2015-07-12 00:00:00,295.8199
2015-07-12 01:00:00,295.43185
2015-07-12 02:00:00,295.7832
2015-07-12 03:00:00,295.71143
2015-07-12 04:00:00,295.6381
2015-07-12 05:00:00,297.15045
2015-07-12 06:00:00,296.52872
2015-07-12 07:00:00,295.90237
2015-07-12 08:00:00,296.93506
2015-07-12 09:00:00,298.2794
2015-07-12 10:00:00,300.62738
2015-07-12 11:00:00,300.5678
2015-07-12 12:00:00,300.89474
2015-07-12 13:00:00,301.15137
2015-07-12 14:00:00,299.37015
2015-07-12 15:00:00,300.01175
2015-07-12 16:00:00,300.49295
2015-07-12 17:00:00,299.10278
2015-07-12 18:00:00,299.14404
2015-07-12 19:00:00,298.92255
2015-07-12 20:00:00,298.50092
2015-07-12 21:00:00,296.85562
2015-07-12 22:00:00,296.59744
2015-07-12 23:00:00,296.53482
2015-07-13 00:00:00,296.51038
2015-07-13 01:00:00,295.9879
2015-07-13 02:00:00,295.9253
2015-07-13 03:00:00,299.3289
2015-07-13 04:00:00,299.56873
2015-07-13 05:00:00,299.8055
2015-07-13 06:00:00,300.632
2015-07-13 07:00:00,300.76028
2015-07-13 08:00:00,302.7982
2015-07-13 09:00:00,303.01358
2015-07-13 10:00:00,302.13367
2015-07-13 11:00:00,302.3231
2015-07-13 12:00:00,302.51862
2015-07-13 13:00:00,302.24213
2015-07-13 14:00:00,301.0475
2015-07-13 15:00:00,300.96957
2015-07-13 16:00:00,300.92834
2015-07-13 17:00:00,299.34265
2015-07-13 18:00:00,299.25098
2015-07-13 19:00:00,299.32736
2015-07-13 20:00:00,297.98456
2015-07-13 21:00:00,297.55072
2015-07-13 22:00:00,296.5272
2015-07-13 23:00:00,296.56384
2015-07-14 00:00:00,296.2033
2015-07-14 01:00:00,295.54337
2015-07-14 02:00:00,297.12448
2015-07-14 03:00:00,297.57974
2015-07-14 04:00:00,297.78137
2015-07-14 05:00:00,299.1349
2015-07-14 06:00:00,302.38266
2015-07-14 07:00:00,302.3017
2015-07-14 08:00:00,303.24426
2015-07-14 09:00:00,302.9372
2015-07-14 10:00:00,304.40833
2015-07-14 11:00:00,304.88647
2015-07-14 12:00:00,304.8941
2015-07-14 13:00:00,304.71692
2015-07-14 14:00:00,303.05942
2015-07-14 15:00:00,302.96622
2015-07-14 16:00:00,303.07468
2015-07-14 17:00:00,301.38205
2015-07-14 18:00:00,301.21707
2015-07-14 19:00:00,300.78778
2015-07-14 20:00:00,299.46942
2015-07-14 21:00:00,299.11044
2015-07-14 22:00:00,299.778
2015-07-14 23:00:00,299.38083
2015-07-15 00:00:00,300.50366
2015-07-15 01:00:00,300.1691
2015-07-15 02:00:00,300.56628
2015-07-15 03:00:00,300.0698
2015-07-15 04:00:00,299.86356
2015-07-15 05:00:00,301.4905
2015-07-15 06:00:00,303.0365
2015-07-15 07:00:00,303.12967
2015-07-15 08:00:00,303.3359
2015-07-15 09:00:00,304.5061
2015-07-15 10:00:00,304.74594
2015-07-15 11:00:00,304.8208
2015-07-15 12:00:00,304.24487
2015-07-15 13:00:00,304.17307
2015-07-15 14:00:00,302.6225
2015-07-15 15:00:00,301.11472
2015-07-15 16:00:00,301.05515
2015-07-15 17:00:00,301.02765
2015-07-15 18:00:00,300.71448
2015-07-15 19:00:00,300.49295
2015-07-15 20:00:00,300.108
2015-07-15 21:00:00,299.8697
2015-07-15 22:00:00,300.61823
2015-07-15 23:00:00,300.75876
2015-07-16 00:00:00,301.01846
2015-07-16 01:00:00,301.05515
2015-07-16 02:00:00,301.80063
2015-07-16 03:00:00,301.12234
2015-07-16 04:00:00,300.5831
2015-07-16 05:00:00,303.98517
2015-07-16 06:00:00,304.12112
2015-07-16 07:00:00,304.1074
2015-07-16 08:00:00,305.2363
2015-07-16 09:00:00,304.5275
2015-07-16 10:00:00,303.96072
2015-07-16 11:00:00,303.95462
2015-07-16 12:00:00,304.888
2015-07-16 13:00:00,304.51068
2015-07-16 14:00:00,303.727
2015-07-16 15:00:00,300.13702
2015-07-16 16:00:00,299.62982
2015-07-16 17:00:00,297.071
2015-07-16 18:00:00,296.81897
2015-07-16 19:00:00,296.86633
2015-07-16 20:00:00,296.78687
2015-07-16 21:00:00,296.78995
2015-07-16 22:00:00,295.2348
2015-07-16 23:00:00,295.412
2015-07-17 00:00:00,295.43796
2015-07-17 01:00:00,295.44714
2015-07-17 02:00:00,296.60815
2015-07-17 03:00:00,297.42087
2015-07-17 04:00:00,297.84555
2015-07-17 05:00:00,298.69186
2015-07-17 06:00:00,298.51465
2015-07-17 07:00:00,298.35577
2015-07-17 08:00:00,298.41995
2015-07-17 09:00:00,298.02887
2015-07-17 10:00:00,298.0854
2015-07-17 11:00:00,297.88678
2015-07-17 12:00:00,297.41626
2015-07-17 13:00:00,297.95554
2015-07-17 14:00:00,298.00748
2015-07-17 15:00:00,297.55225
2015-07-17 16:00:00,297.54
2015-07-17 17:00:00,297.22073
2015-07-17 18:00:00,296.90756
2015-07-17 19:00:00,296.72424
2015-07-17 20:00:00,296.68454
2015-07-17 21:00:00,296.3011
2015-07-17 22:00:00,295.64114
2015-07-17 23:00:00,295.93445
2015-07-18 00:00:00,295.4685
2015-07-18 01:00:00,295.4685
2015-07-18 02:00:00,296.07346
2015-07-18 03:00:00,296.68607
2015-07-18 04:00:00,297.1856
2015-07-18 05:00:00,298.7438
2015-07-18 06:00:00,299.69705
2015-07-18 07:00:00,300.1752
2015-07-18 08:00:00,301.51953
2015-07-18 09:00:00,300.7557
2015-07-18 10:00:00,301.31482
2015-07-18 11:00:00,301.8113
2015-07-18 12:00:00,302.37808
2015-07-18 13:00:00,301.93353
2015-07-18 14:00:00,300.08508
2015-07-18 15:00:00,298.6552
2015-07-18 16:00:00,299.00504
2015-07-18 17:00:00,298.45966
2015-07-18 18:00:00,298.01816
2015-07-18 19:00:00,297.6332
2015-07-18 20:00:00,297.24365
2015-07-18 21:00:00,297.10922
2015-07-18 22:00:00,297.0863
2015-07-18 23:00:00,296.99768
2015-07-19 00:00:00,296.93964
2015-07-19 01:00:00,296.84494
2015-07-19 02:00:00,297.14587
2015-07-19 03:00:00,297.63474
2015-07-19 04:00:00,297.33072
2015-07-19 05:00:00,299.22653
2015-07-19 06:00:00,298.58493
2015-07-19 07:00:00,299.41138
2015-07-19 08:00:00,300.2745
2015-07-19 09:00:00,302.21002
2015-07-19 10:00:00,300.13397
2015-07-19 11:00:00,300.25922
2015-07-19 12:00:00,301.46606
2015-07-19 13:00:00,301.62036
2015-07-19 14:00:00,300.52045
2015-07-19 15:00:00,300.024
2015-07-19 16:00:00,299.74136
2015-07-19 17:00:00,300.01022
2015-07-19 18:00:00,299.86816
2015-07-19 19:00:00,298.68423
2015-07-19 20:00:00,298.62006
2015-07-19 21:00:00,297.35516
2015-07-19 22:00:00,295.8428
2015-07-19 23:00:00,295.86572
2015-07-20 00:00:00,296.49817
2015-07-20 01:00:00,296.40497
2015-07-20 02:00:00,297.32767
2015-07-20 03:00:00,298.13885
2015-07-20 04:00:00,298.4016
2015-07-20 05:00:00,300.06827
2015-07-20 06:00:00,301.70438
2015-07-20 07:00:00,302.04352
2015-07-20 08:00:00,302.97998
2015-07-20 09:00:00,303.19843
2015-07-20 10:00:00,302.67444
2015-07-20 11:00:00,302.1642
2015-07-20 12:00:00,302.815
2015-07-20 13:00:00,302.5507
2015-07-20 14:00:00,301.5944
2015-07-20 15:00:00,300.2195
2015-07-20 16:00:00,300.19507
2015-07-20 17:00:00,299.36707
2015-07-20 18:00:00,298.13275
2015-07-20 19:00:00,297.55835
2015-07-20 20:00:00,296.64023
2015-07-20 21:00:00,296.81592
2015-07-20 22:00:00,296.39276
2015-07-20 23:00:00,296.67535
2015-07-21 00:00:00,296.80063
2015-07-21 01:00:00,296.46454
2015-07-21 02:00:00,295.91
2015-07-21 03:00:00,295.7832
2015-07-21 04:00:00,297.11075
2015-07-21 05:00:00,297.83942
2015-07-21 06:00:00,297.76154
2015-07-21 07:00:00,297.7096
2015-07-21 08:00:00,298.1205
2015-07-21 09:00:00,298.63077
2015-07-21 10:00:00,300.0973
2015-07-21 11:00:00,300.63043
2015-07-21 12:00:00,301.23386
2015-07-21 13:00:00,301.518
2015-07-21 14:00:00,300.4181
2015-07-21 15:00:00,298.93628
2015-07-21 16:00:00,298.82782
2015-07-21 17:00:00,298.80185
2015-07-21 18:00:00,298.6873
2015-07-21 19:00:00,298.6598
2015-07-21 20:00:00,298.50397
2015-07-21 21:00:00,297.0252
2015-07-21 22:00:00,297.06644
2015-07-21 23:00:00,296.9091
2015-07-22 00:00:00,296.5272
2015-07-22 01:00:00,296.13306
2015-07-22 02:00:00,296.76398
2015-07-22 03:00:00,300.33408
2015-07-22 04:00:00,301.11472
2015-07-22 05:00:00,301.6662
2015-07-22 06:00:00,301.57452
2015-07-22 07:00:00,301.62952
2015-07-22 08:00:00,302.346
2015-07-22 09:00:00,302.21768
2015-07-22 10:00:00,302.6714
2015-07-22 11:00:00,302.94177
2015-07-22 12:00:00,303.00137
2015-07-22 13:00:00,302.77527
2015-07-22 14:00:00,301.5272
2015-07-22 15:00:00,301.1804
2015-07-22 16:00:00,301.66315
2015-07-22 17:00:00,299.9659
2015-07-22 18:00:00,299.81622
2015-07-22 19:00:00,300.14618
2015-07-22 20:00:00,299.63443
2015-07-22 21:00:00,298.50702
2015-07-22 22:00:00,298.59714
2015-07-22 23:00:00,298.79575
2015-07-23 00:00:00,298.97296
2015-07-23 01:00:00,298.75143
2015-07-23 02:00:00,298.2748
2015-07-23 03:00:00,298.27176
2015-07-23 04:00:00,298.23203
2015-07-23 05:00:00,298.5116
2015-07-23 06:00:00,297.96774
2015-07-23 07:00:00,297.73248
2015-07-23 08:00:00,299.03253
2015-07-23 09:00:00,300.80154
2015-07-23 10:00:00,299.4343
2015-07-23 11:00:00,299.85287
2015-07-23 12:00:00,300.0087
2015-07-23 13:00:00,300.0209
2015-07-23 14:00:00,299.37015
2015-07-23 15:00:00,298.83698
2015-07-23 16:00:00,298.7377
2015-07-23 17:00:00,297.93262
2015-07-23 18:00:00,297.79208
2015-07-23 19:00:00,297.95096
2015-07-23 20:00:00,297.68973
2015-07-23 21:00:00,297.4178
2015-07-23 22:00:00,295.9818
2015-07-23 23:00:00,296.049
2015-07-24 00:00:00,295.7985
2015-07-24 01:00:00,295.88403
2015-07-24 02:00:00,297.36584
2015-07-24 03:00:00,297.79514
2015-07-24 04:00:00,297.9937
2015-07-24 05:00:00,301.02
2015-07-24 06:00:00,301.10095
2015-07-24 07:00:00,301.00626
2015-07-24 08:00:00,302.6057
2015-07-24 09:00:00,302.0374
2015-07-24 10:00:00,302.94943
2015-07-24 11:00:00,301.85867
2015-07-24 12:00:00,302.12143
2015-07-24 13:00:00,301.95493
2015-07-24 14:00:00,300.45782
2015-07-24 15:00:00,300.3906
2015-07-24 16:00:00,300.14008
2015-07-24 17:00:00,300.41504
2015-07-24 18:00:00,298.31607
2015-07-24 19:00:00,298.5498
2015-07-24 20:00:00,298.29315
2015-07-24 21:00:00,297.97998
2015-07-24 22:00:00,297.57666
2015-07-24 23:00:00,297.52167
2015-07-25 00:00:00,297.41168
2015-07-25 01:00:00,297.55225
2015-07-25 02:00:00,299.43124
2015-07-25 03:00:00,299.2342
2015-07-25 04:00:00,299.59317
2015-07-25 05:00:00,301.68146
2015-07-25 06:00:00,302.60876
2015-07-25 07:00:00,302.95554
2015-07-25 08:00:00,303.5681
2015-07-25 09:00:00,303.39856
2015-07-25 10:00:00,303.87976
2015-07-25 11:00:00,303.8706
2015-07-25 12:00:00,304.55038
2015-07-25 13:00:00,303.94852
2015-07-25 14:00:00,301.98242
2015-07-25 15:00:00,300.74808
2015-07-25 16:00:00,300.85654
2015-07-25 17:00:00,299.28766
2015-07-25 18:00:00,299.32126
2015-07-25 19:00:00,298.90573
2015-07-25 20:00:00,298.87213
2015-07-25 21:00:00,298.93323
2015-07-25 22:00:00,297.2467
2015-07-25 23:00:00,297.29712
2015-07-26 00:00:00,297.17184
2015-07-26 01:00:00,296.9091
2015-07-26 02:00:00,296.8419
2015-07-26 03:00:00,296.7502
2015-07-26 04:00:00,296.12082
2015-07-26 05:00:00,296.42484
2015-07-26 06:00:00,296.91367
2015-07-26 07:00:00,297.0038
2015-07-26 08:00:00,298.64755
2015-07-26 09:00:00,299.65887
2015-07-26 10:00:00,297.88525
2015-07-26 11:00:00,298.1251
2015-07-26 12:00:00,298.1847
2015-07-26 13:00:00,298.32828
2015-07-26 14:00:00,297.34448
2015-07-26 15:00:00,297.50488
2015-07-26 16:00:00,297.74777
2015-07-26 17:00:00,296.88617
2015-07-26 18:00:00,296.63565
2015-07-26 19:00:00,296.64175
2015-07-26 20:00:00,296.5394
2015-07-26 21:00:00,295.9192
2015-07-26 22:00:00,295.69766
2015-07-26 23:00:00,295.70224
2015-07-27 00:00:00,295.87183
2015-07-27 01:00:00,296.42026
2015-07-27 02:00:00,298.03345
2015-07-27 03:00:00,298.5941
2015-07-27 04:00:00,298.80643
2015-07-27 05:00:00,301.47983
2015-07-27 06:00:00,301.38815
2015-07-27 07:00:00,299.81927
2015-07-27 08:00:00,302.1917
2015-07-27 09:00:00,302.86386
2015-07-27 10:00:00,303.6277
2015-07-27 11:00:00,303.63382
2015-07-27 12:00:00,303.74228
2015-07-27 13:00:00,303.64755
2015-07-27 14:00:00,301.66162
2015-07-27 15:00:00,301.80063
2015-07-27 16:00:00,301.84033
2015-07-27 17:00:00,301.2186
2015-07-27 18:00:00,299.9659
2015-07-27 19:00:00,299.28305
2015-07-27 20:00:00,299.0753
2015-07-27 21:00:00,297.7493
2015-07-27 22:00:00,296.9473
2015-07-27 23:00:00,296.82812
2015-07-28 00:00:00,296.99158
2015-07-28 01:00:00,296.70132
2015-07-28 02:00:00,296.8052
2015-07-28 03:00:00,297.54
2015-07-28 04:00:00,297.36893
2015-07-28 05:00:00,299.6604
2015-07-28 06:00:00,299.9155
2015-07-28 07:00:00,299.54276
2015-07-28 08:00:00,301.91214
2015-07-28 09:00:00,300.62738
2015-07-28 10:00:00,300.22104
2015-07-28 11:00:00,300.65796
2015-07-28 12:00:00,301.31943
2015-07-28 13:00:00,301.62952
2015-07-28 14:00:00,300.8535
2015-07-28 15:00:00,300.3234
2015-07-28 16:00:00,300.92072
2015-07-28 17:00:00,299.1914
2015-07-28 18:00:00,298.8202
2015-07-28 19:00:00,298.617
2015-07-28 20:00:00,297.73096
2015-07-28 21:00:00,297.41016
2015-07-28 22:00:00,295.65335
2015-07-28 23:00:00,295.26688
2015-07-29 00:00:00,295.37076
2015-07-29 01:00:00,295.40436
2015-07-29 02:00:00,295.9543
2015-07-29 03:00:00,297.7157
2015-07-29 04:00:00,298.75296
2015-07-29 05:00:00,300.33102
2015-07-29 06:00:00,302.83484
2015-07-29 07:00:00,303.18008
2015-07-29 08:00:00,303.34814
2015-07-29 09:00:00,303.7606
2015-07-29 10:00:00,304.42206
2015-07-29 11:00:00,304.52136
2015-07-29 12:00:00,304.21432
2015-07-29 13:00:00,304.1807
2015-07-29 14:00:00,302.7218
2015-07-29 15:00:00,301.2736
2015-07-29 16:00:00,301.2247
2015-07-29 17:00:00,300.59225
2015-07-29 18:00:00,300.50214
2015-07-29 19:00:00,300.3738
2015-07-29 20:00:00,298.3848
2015-07-29 21:00:00,298.02734
2015-07-29 22:00:00,298.63992
2015-07-29 23:00:00,298.3512
2015-07-30 00:00:00,298.4062
2015-07-30 01:00:00,298.23355
2015-07-30 02:00:00,300.01938
2015-07-30 03:00:00,300.04077
2015-07-30 04:00:00,300.20728
2015-07-30 05:00:00,302.25586
2015-07-30 06:00:00,302.85776
2015-07-30 07:00:00,302.4789
2015-07-30 08:00:00,303.57422
2015-07-30 09:00:00,302.58585
2015-07-30 10:00:00,303.15717
2015-07-30 11:00:00,302.56598
2015-07-30 12:00:00,302.12906
2015-07-30 13:00:00,301.7609
2015-07-30 14:00:00,300.29132
2015-07-30 15:00:00,300.32187
2015-07-30 16:00:00,300.35394
2015-07-30 17:00:00,299.0371
2015-07-30 18:00:00,299.01877
2015-07-30 19:00:00,299.19293
2015-07-30 20:00:00,297.96927
2015-07-30 21:00:00,297.3078
2015-07-30 22:00:00,297.44376
2015-07-30 23:00:00,297.65765
2015-07-31 00:00:00,297.78595
2015-07-31 01:00:00,297.46667
2015-07-31 02:00:00,298.01968
2015-07-31 03:00:00,298.27023
2015-07-31 04:00:00,297.69278
2015-07-31 05:00:00,299.8208
2015-07-31 06:00:00,299.99036
2015-07-31 07:00:00,300.03467
2015-07-31 08:00:00,301.69827
2015-07-31 09:00:00,301.00473
2015-07-31 10:00:00,301.21097
2015-07-31 11:00:00,300.95737
2015-07-31 12:00:00,300.50214
2015-07-31 13:00:00,300.69614
2015-07-31 14:00:00,299.72607
2015-07-31 15:00:00,299.49387
2015-07-31 16:00:00,299.1471
2015-07-31 17:00:00,297.9204
2015-07-31 18:00:00,298.08997
2015-07-31 19:00:00,298.02274
2015-07-31 20:00:00,297.33682
2015-07-31 21:00:00,297.20544
2015-07-31 22:00:00,296.84494
2015-07-31 23:00:00,296.81744
2015-08-01 00:00:00,296.75174
2015-08-01 01:00:00,296.58524
2015-08-01 02:00:00,296.92896
2015-08-01 03:00:00,296.73648
2015-08-01 04:00:00,296.40344
2015-08-01 05:00:00,296.73035
2015-08-01 06:00:00,296.91214
2015-08-01 07:00:00,297.0023
2015-08-01 08:00:00,296.86786
2015-08-01 09:00:00,296.52106
2015-08-01 10:00:00,297.89288
2015-08-01 11:00:00,297.47586
2015-08-01 12:00:00,297.96164
2015-08-01 13:00:00,298.25952
2015-08-01 14:00:00,297.95706
2015-08-01 15:00:00,297.401
2015-08-01 16:00:00,297.17337
2015-08-01 17:00:00,296.4951
2015-08-01 18:00:00,296.84036
2015-08-01 19:00:00,297.04657
2015-08-01 20:00:00,296.14832
2015-08-01 21:00:00,296.269
2015-08-01 22:00:00,295.8825
2015-08-01 23:00:00,295.94208
2015-08-02 00:00:00,295.85806
2015-08-02 01:00:00,295.86725
2015-08-02 02:00:00,296.39886
2015-08-02 03:00:00,296.40192
2015-08-02 04:00:00,296.5837
2015-08-02 05:00:00,298.78503
2015-08-02 06:00:00,299.22958
2015-08-02 07:00:00,299.06613
2015-08-02 08:00:00,299.32584
2015-08-02 09:00:00,299.98883
2015-08-02 10:00:00,299.62067
2015-08-02 11:00:00,298.87213
2015-08-02 12:00:00,298.7545
2015-08-02 13:00:00,298.85226
2015-08-02 14:00:00,298.49478
2015-08-02 15:00:00,297.90207
2015-08-02 16:00:00,298.0426
2015-08-02 17:00:00,297.71112
2015-08-02 18:00:00,297.03894
2015-08-02 19:00:00,296.68146
2015-08-02 20:00:00,295.9161
2015-08-02 21:00:00,295.17825
2015-08-02 22:00:00,295.89014
2015-08-02 23:00:00,295.9757
2015-08-03 00:00:00,295.77405
2015-08-03 01:00:00,295.8153
2015-08-03 02:00:00,296.87854
2015-08-03 03:00:00,296.86786
2015-08-03 04:00:00,296.99768
2015-08-03 05:00:00,298.73618
2015-08-03 06:00:00,298.94543
2015-08-03 07:00:00,298.67505
2015-08-03 08:00:00,299.26474
2015-08-03 09:00:00,299.2403
2015-08-03 10:00:00,301.6784
2015-08-03 11:00:00,301.45996
2015-08-03 12:00:00,301.4004
2015-08-03 13:00:00,301.44467
2015-08-03 14:00:00,299.62982
2015-08-03 15:00:00,299.50153
2015-08-03 16:00:00,299.47556
2015-08-03 17:00:00,297.88525
2015-08-03 18:00:00,298.2794
2015-08-03 19:00:00,298.41077
2015-08-03 20:00:00,297.6714
2015-08-03 21:00:00,297.58432
2015-08-03 22:00:00,297.25433
2015-08-03 23:00:00,297.15198
2015-08-04 00:00:00,297.33835
2015-08-04 01:00:00,297.20853
2015-08-04 02:00:00,298.24884
2015-08-04 03:00:00,298.09302
2015-08-04 04:00:00,298.40924
2015-08-04 05:00:00,301.37595
2015-08-04 06:00:00,301.72272
2015-08-04 07:00:00,301.75174
2015-08-04 08:00:00,303.51465
2015-08-04 09:00:00,303.35883
2015-08-04 10:00:00,302.7707
2015-08-04 11:00:00,303.203
2015-08-04 12:00:00,303.45508
2015-08-04 13:00:00,303.59866
2015-08-04 14:00:00,302.24976
2015-08-04 15:00:00,301.53787
2015-08-04 16:00:00,301.34692
2015-08-04 17:00:00,300.30048
2015-08-04 18:00:00,300.99097
2015-08-04 19:00:00,300.34174
2015-08-04 20:00:00,299.7933
2015-08-04 21:00:00,297.82568
2015-08-04 22:00:00,298.47495
2015-08-04 23:00:00,298.0304
2015-08-05 00:00:00,297.74777
2015-08-05 01:00:00,297.85623
2015-08-05 02:00:00,298.69644
2015-08-05 03:00:00,298.976
2015-08-05 04:00:00,299.1471
2015-08-05 05:00:00,301.90604
2015-08-05 06:00:00,302.93262
2015-08-05 07:00:00,302.74625
2015-08-05 08:00:00,303.85532
2015-08-05 09:00:00,304.0203
2015-08-05 10:00:00,304.02948
2015-08-05 11:00:00,304.09973
2015-08-05 12:00:00,304.1257
2015-08-05 13:00:00,304.1853
2015-08-05 14:00:00,303.01968
2015-08-05 15:00:00,302.33072
2015-08-05 16:00:00,302.89136
2015-08-05 17:00:00,301.54703
2015-08-05 18:00:00,301.44315
2015-08-05 19:00:00,301.25525
2015-08-05 20:00:00,299.87732
2015-08-05 21:00:00,299.15625
2015-08-05 22:00:00,299.54733
2015-08-05 23:00:00,299.01724
2015-08-06 00:00:00,299.10892
2015-08-06 01:00:00,298.58798
2015-08-06 02:00:00,299.09515
2015-08-06 03:00:00,298.99127
2015-08-06 04:00:00,298.90726
2015-08-06 05:00:00,301.70743
2015-08-06 06:00:00,302.05115
2015-08-06 07:00:00,302.21002
2015-08-06 08:00:00,302.77374
2015-08-06 09:00:00,304.28152
2015-08-06 10:00:00,303.8324
2015-08-06 11:00:00,304.17612
2015-08-06 12:00:00,303.7881
2015-08-06 13:00:00,304.02948
2015-08-06 14:00:00,302.58737
2015-08-06 15:00:00,302.27878
2015-08-06 16:00:00,302.41016
2015-08-06 17:00:00,300.84125
2015-08-06 18:00:00,300.22104
2015-08-06 19:00:00,299.9094
2015-08-06 20:00:00,299.12878
2015-08-06 21:00:00,298.8431
2015-08-06 22:00:00,299.98578
2015-08-06 23:00:00,299.9094
2015-08-07 00:00:00,299.93994
2015-08-07 01:00:00,299.6329
2015-08-07 02:00:00,300.29132
2015-08-07 03:00:00,300.16757
2015-08-07 04:00:00,300.13397
2015-08-07 05:00:00,303.1251
2015-08-07 06:00:00,303.30078
2015-08-07 07:00:00,303.34357
2015-08-07 08:00:00,304.92468
2015-08-07 09:00:00,304.89258
2015-08-07 10:00:00,305.19965
2015-08-07 11:00:00,304.60385
2015-08-07 12:00:00,304.70316
2015-08-07 13:00:00,304.76886
2015-08-07 14:00:00,302.55377
2015-08-07 15:00:00,302.12296
2015-08-07 16:00:00,302.21158
2015-08-07 17:00:00,301.07346
2015-08-07 18:00:00,300.98334
2015-08-07 19:00:00,301.12845
2015-08-07 20:00:00,300.37076
2015-08-07 21:00:00,299.78412
2015-08-07 22:00:00,298.54062
2015-08-07 23:00:00,298.35577
2015-08-08 00:00:00,298.29773
2015-08-08 01:00:00,297.9036
2015-08-08 02:00:00,298.8156
2015-08-08 03:00:00,298.94852
2015-08-08 04:00:00,299.14557
2015-08-08 05:00:00,301.82355
2015-08-08 06:00:00,302.1413
2015-08-08 07:00:00,302.45752
2015-08-08 08:00:00,304.03406
2015-08-08 09:00:00,304.03558
2015-08-08 10:00:00,303.41534
2015-08-08 11:00:00,303.478
2015-08-08 12:00:00,303.77893
2015-08-08 13:00:00,304.05237
2015-08-08 14:00:00,303.47495
2015-08-08 15:00:00,302.6378
2015-08-08 16:00:00,302.69888
2015-08-08 17:00:00,301.07346
2015-08-08 18:00:00,300.82446
2015-08-08 19:00:00,300.48227
2015-08-08 20:00:00,299.38693
2015-08-08 21:00:00,299.29224
2015-08-08 22:00:00,298.14954
2015-08-08 23:00:00,298.41382
2015-08-09 00:00:00,298.22897
2015-08-09 01:00:00,298.40924
2015-08-09 02:00:00,298.5284
2015-08-09 03:00:00,298.57883
2015-08-09 04:00:00,298.5681
2015-08-09 05:00:00,300.67627
2015-08-09 06:00:00,301.31177
2015-08-09 07:00:00,300.6503
2015-08-09 08:00:00,302.20544
2015-08-09 09:00:00,301.6234
2015-08-09 10:00:00,302.81653
2015-08-09 11:00:00,302.52625
2015-08-09 12:00:00,302.02673
2015-08-09 13:00:00,301.78534
2015-08-09 14:00:00,300.18744
2015-08-09 15:00:00,299.63443
2015-08-09 16:00:00,299.84525
2015-08-09 17:00:00,299.3304
2015-08-09 18:00:00,299.34418
2015-08-09 19:00:00,299.24792
2015-08-09 20:00:00,298.47647
2015-08-09 21:00:00,298.53452
2015-08-09 22:00:00,296.53024
2015-08-09 23:00:00,296.40497
2015-08-10 00:00:00,296.18652
2015-08-10 01:00:00,296.28275
2015-08-10 02:00:00,297.34906
2015-08-10 03:00:00,297.36127
2015-08-10 04:00:00,297.47433
2015-08-10 05:00:00,299.58096
2015-08-10 06:00:00,300.47156
2015-08-10 07:00:00,300.2302
2015-08-10 08:00:00,302.44376
2015-08-10 09:00:00,302.05423
2015-08-10 10:00:00,302.25128
2015-08-10 11:00:00,302.2085
2015-08-10 12:00:00,302.35974
2015-08-10 13:00:00,302.75388
2015-08-10 14:00:00,301.1132
2015-08-10 15:00:00,301.27664
2015-08-10 16:00:00,301.29193
2015-08-10 17:00:00,300.29285
2015-08-10 18:00:00,300.35547
2015-08-10 19:00:00,300.38754
2015-08-10 20:00:00,299.2586
2015-08-10 21:00:00,298.62006
2015-08-10 22:00:00,297.42697
2015-08-10 23:00:00,297.1352
2015-08-11 00:00:00,297.10922
2015-08-11 01:00:00,297.3506
2015-08-11 02:00:00,297.75082
2015-08-11 03:00:00,297.69736
2015-08-11 04:00:00,298.2397
2015-08-11 05:00:00,301.9656
2015-08-11 06:00:00,302.41473
2015-08-11 07:00:00,302.92957
2015-08-11 08:00:00,303.73004
2015-08-11 09:00:00,303.47647
2015-08-11 10:00:00,304.78717
2015-08-11 11:00:00,304.53055
2015-08-11 12:00:00,304.5061
2015-08-11 13:00:00,304.6497
2015-08-11 14:00:00,303.03345
2015-08-11 15:00:00,301.43094
2015-08-11 16:00:00,301.5455
2015-08-11 17:00:00,300.8764
2015-08-11 18:00:00,300.56476
2015-08-11 19:00:00,300.6595
2015-08-11 20:00:00,300.11563
2015-08-11 21:00:00,297.88983
2015-08-11 22:00:00,298.35577
2015-08-11 23:00:00,298.20605
2015-08-12 00:00:00,297.8318
2015-08-12 01:00:00,297.85013
2015-08-12 02:00:00,297.8486
2015-08-12 03:00:00,297.42545
2015-08-12 04:00:00,297.1306
2015-08-12 05:00:00,300.36157
2015-08-12 06:00:00,301.23386
2015-08-12 07:00:00,301.48593
2015-08-12 08:00:00,304.0432
2015-08-12 09:00:00,304.26474
2015-08-12 10:00:00,303.4994
2015-08-12 11:00:00,303.6292
2015-08-12 12:00:00,301.98242
2015-08-12 13:00:00,302.02365
2015-08-12 14:00:00,301.7884
2015-08-12 15:00:00,300.0148
2015-08-12 16:00:00,299.90634
2015-08-12 17:00:00,299.3854
2015-08-12 18:00:00,299.50305
2015-08-12 19:00:00,299.5
2015-08-12 20:00:00,298.86295
2015-08-12 21:00:00,296.58524
2015-08-12 22:00:00,298.16483
2015-08-12 23:00:00,297.99524
2015-08-13 00:00:00,297.34296
2015-08-13 01:00:00,296.62955
2015-08-13 02:00:00,297.3628
2015-08-13 03:00:00,297.45905
2015-08-13 04:00:00,297.78595
2015-08-13 05:00:00,299.50916
2015-08-13 06:00:00,299.68484
2015-08-13 07:00:00,299.76733
2015-08-13 08:00:00,301.5883
2015-08-13 09:00:00,301.85562
2015-08-13 10:00:00,300.75876
2015-08-13 11:00:00,300.83057
2015-08-13 12:00:00,300.43948
2015-08-13 13:00:00,300.6228
2015-08-13 14:00:00,300.34326
2015-08-13 15:00:00,299.32584
2015-08-13 16:00:00,299.5825
2015-08-13 17:00:00,298.5727
2015-08-13 18:00:00,298.50854
2015-08-13 19:00:00,298.64297
2015-08-13 20:00:00,297.1856
2015-08-13 21:00:00,297.62555
2015-08-13 22:00:00,296.6998
2015-08-13 23:00:00,296.70285
2015-08-14 00:00:00,296.05667
2015-08-14 01:00:00,296.25983
2015-08-14 02:00:00,297.73862
2015-08-14 03:00:00,297.65918
2015-08-14 04:00:00,297.9586
2015-08-14 05:00:00,301.80673
2015-08-14 06:00:00,302.17184
2015-08-14 07:00:00,302.0145
2015-08-14 08:00:00,303.00443
2015-08-14 09:00:00,303.2122
2015-08-14 10:00:00,302.97693
2015-08-14 11:00:00,302.3857
2015-08-14 12:00:00,302.92804
2015-08-14 13:00:00,303.258
2015-08-14 14:00:00,302.07867
2015-08-14 15:00:00,302.07407
2015-08-14 16:00:00,302.2589
2015-08-14 17:00:00,300.86877
2015-08-14 18:00:00,301.02765
2015-08-14 19:00:00,300.93597
2015-08-14 20:00:00,299.998
2015-08-14 21:00:00,299.04474
2015-08-14 22:00:00,298.3512
2015-08-14 23:00:00,297.31238
2015-08-15 00:00:00,297.49265
2015-08-15 01:00:00,297.08478
2015-08-15 02:00:00,297.3949
2015-08-15 03:00:00,297.43613
2015-08-15 04:00:00,297.6882
2015-08-15 05:00:00,301.03223
2015-08-15 06:00:00,300.89932
2015-08-15 07:00:00,300.6885
2015-08-15 08:00:00,300.8703
2015-08-15 09:00:00,301.3011
2015-08-15 10:00:00,299.74747
2015-08-15 11:00:00,299.75052
2015-08-15 12:00:00,300.71448
2015-08-15 13:00:00,300.88556
2015-08-15 14:00:00,299.39917
2015-08-15 15:00:00,299.47556
2015-08-15 16:00:00,299.2189
2015-08-15 17:00:00,297.76917
2015-08-15 18:00:00,297.73557
2015-08-15 19:00:00,297.75235
2015-08-15 20:00:00,296.86633
2015-08-15 21:00:00,296.1361
2015-08-15 22:00:00,296.07806
2015-08-15 23:00:00,296.11777
2015-08-16 00:00:00,295.9589
2015-08-16 01:00:00,296.24
2015-08-16 02:00:00,297.2299
2015-08-16 03:00:00,297.23755
2015-08-16 04:00:00,297.7096
2015-08-16 05:00:00,301.10556
2015-08-16 06:00:00,301.4294
2015-08-16 07:00:00,301.40192
2015-08-16 08:00:00,302.12906
2015-08-16 09:00:00,302.2238
2015-08-16 10:00:00,302.60263
2015-08-16 11:00:00,302.71875
2015-08-16 12:00:00,302.20392
2015-08-16 13:00:00,302.23907
2015-08-16 14:00:00,298.811
2015-08-16 15:00:00,300.06216
2015-08-16 16:00:00,300.23325
2015-08-16 17:00:00,299.07837
2015-08-16 18:00:00,298.7377
2015-08-16 19:00:00,298.58646
2015-08-16 20:00:00,297.7096
2015-08-16 21:00:00,296.75327
2015-08-16 22:00:00,296.3637
2015-08-16 23:00:00,295.83667
2015-08-17 00:00:00,295.46698
2015-08-17 01:00:00,295.21494
2015-08-17 02:00:00,295.46698
2015-08-17 03:00:00,298.76978
2015-08-17 04:00:00,299.46332
2015-08-17 05:00:00,300.29132
2015-08-17 06:00:00,301.40192
2015-08-17 07:00:00,301.52872
2015-08-17 08:00:00,303.59256
2015-08-17 09:00:00,303.5116
2015-08-17 10:00:00,303.39398
2015-08-17 11:00:00,302.94177
2015-08-17 12:00:00,303.2748
2015-08-17 13:00:00,303.2473
2015-08-17 14:00:00,300.88556
2015-08-17 15:00:00,301.1636
2015-08-17 16:00:00,301.3912
2015-08-17 17:00:00,299.97357
2015-08-17 18:00:00,299.26166
2015-08-17 19:00:00,299.32736
2015-08-17 20:00:00,299.28918
2015-08-17 21:00:00,297.15964
2015-08-17 22:00:00,296.59134
2015-08-17 23:00:00,296.33316
2015-08-18 00:00:00,296.3668
2015-08-18 01:00:00,296.79758
2015-08-18 02:00:00,297.61182
2015-08-18 03:00:00,297.2314
2015-08-18 04:00:00,297.73248
2015-08-18 05:00:00,301.21707
2015-08-18 06:00:00,302.6057
2015-08-18 07:00:00,302.75845
2015-08-18 08:00:00,304.63596
2015-08-18 09:00:00,304.53207
2015-08-18 10:00:00,304.2953
2015-08-18 11:00:00,304.4068
2015-08-18 12:00:00,304.03406
2015-08-18 13:00:00,304.4236
2015-08-18 14:00:00,303.0976
2015-08-18 15:00:00,300.15076
2015-08-18 16:00:00,300.35242
2015-08-18 17:00:00,300.08203
2015-08-18 18:00:00,299.71844
2015-08-18 19:00:00,299.70773
2015-08-18 20:00:00,298.52228
2015-08-18 21:00:00,298.12814
2015-08-18 22:00:00,297.12296
2015-08-18 23:00:00,297.05728
2015-08-19 00:00:00,297.0802
2015-08-19 01:00:00,297.30627
2015-08-19 02:00:00,299.02948
2015-08-19 03:00:00,299.09515
2015-08-19 04:00:00,298.64297
2015-08-19 05:00:00,301.20636
2015-08-19 06:00:00,302.7493
2015-08-19 07:00:00,302.84708
2015-08-19 08:00:00,304.3518
2015-08-19 09:00:00,304.3304
2015-08-19 10:00:00,304.43887
2015-08-19 11:00:00,304.30444
2015-08-19 12:00:00,304.37778
2015-08-19 13:00:00,304.30292
2015-08-19 14:00:00,301.98395
2015-08-19 15:00:00,299.75815
2015-08-19 16:00:00,300.16452
2015-08-19 17:00:00,299.9323
2015-08-19 18:00:00,299.82233
2015-08-19 19:00:00,299.61
2015-08-19 20:00:00,298.70712
2015-08-19 21:00:00,298.54672
2015-08-19 22:00:00,298.14038
2015-08-19 23:00:00,297.9372
2015-08-20 00:00:00,298.10217
2015-08-20 01:00:00,298.07623
2015-08-20 02:00:00,299.57944
2015-08-20 03:00:00,298.35577
2015-08-20 04:00:00,297.50488
2015-08-20 05:00:00,301.32248
2015-08-20 06:00:00,302.30627
2015-08-20 07:00:00,302.07712
2015-08-20 08:00:00,303.533
2015-08-20 09:00:00,303.7896
2015-08-20 10:00:00,302.33987
2015-08-20 11:00:00,302.83026
2015-08-20 12:00:00,301.9748
2015-08-20 13:00:00,301.18192
2015-08-20 14:00:00,299.90024
2015-08-20 15:00:00,297.4896
2015-08-20 16:00:00,297.35516
2015-08-20 17:00:00,296.46454
2015-08-20 18:00:00,296.0368
2015-08-20 19:00:00,296.32858
2015-08-20 20:00:00,295.84586
2015-08-20 21:00:00,295.29285
2015-08-20 22:00:00,294.66193
2015-08-20 23:00:00,294.6115
2015-08-21 00:00:00,293.94852
2015-08-21 01:00:00,293.76367
2015-08-21 02:00:00,295.29895
2015-08-21 03:00:00,295.67474
2015-08-21 04:00:00,295.66406
2015-08-21 05:00:00,298.52075
2015-08-21 06:00:00,299.3075
2015-08-21 07:00:00,299.5611
2015-08-21 08:00:00,301.57147
2015-08-21 09:00:00,302.4224
2015-08-21 10:00:00,300.94055
2015-08-21 11:00:00,300.95126
2015-08-21 12:00:00,299.19293
2015-08-21 13:00:00,298.7224
2015-08-21 14:00:00,298.40314
2015-08-21 15:00:00,297.28644
2015-08-21 16:00:00,297.1031
2015-08-21 17:00:00,296.5669
2015-08-21 18:00:00,296.44315
2015-08-21 19:00:00,295.9589
2015-08-21 20:00:00,295.11105
2015-08-21 21:00:00,295.00717
2015-08-21 22:00:00,294.2464
2015-08-21 23:00:00,294.06918
2015-08-22 00:00:00,294.20975
2015-08-22 01:00:00,294.27847
2015-08-22 02:00:00,295.38602
2015-08-22 03:00:00,295.38144
2015-08-22 04:00:00,295.04382
2015-08-22 05:00:00,299.40527
2015-08-22 06:00:00,300.62433
2015-08-22 07:00:00,300.6014
2015-08-22 08:00:00,301.83575
2015-08-22 09:00:00,301.38052
2015-08-22 10:00:00,302.50183
2015-08-22 11:00:00,301.63104
2015-08-22 12:00:00,301.78076
2015-08-22 13:00:00,301.7441
2015-08-22 14:00:00,300.2898
2015-08-22 15:00:00,300.04535
2015-08-22 16:00:00,299.99188
2015-08-22 17:00:00,298.96988
2015-08-22 18:00:00,298.48257
2015-08-22 19:00:00,298.50092
2015-08-22 20:00:00,297.6011
2015-08-22 21:00:00,297.2895
2015-08-22 22:00:00,295.412
2015-08-22 23:00:00,295.29132
2015-08-23 00:00:00,294.8544
2015-08-23 01:00:00,294.64206
2015-08-23 02:00:00,295.28674
2015-08-23 03:00:00,295.59378
2015-08-23 04:00:00,295.91306
2015-08-23 05:00:00,299.40222
2015-08-23 06:00:00,300.1538
2015-08-23 07:00:00,300.22867
2015-08-23 08:00:00,301.36832
2015-08-23 09:00:00,300.77557
2015-08-23 10:00:00,301.05362
2015-08-23 11:00:00,300.16452
2015-08-23 12:00:00,300.57086
2015-08-23 13:00:00,300.43338
2015-08-23 14:00:00,299.07224
2015-08-23 15:00:00,298.83698
2015-08-23 16:00:00,298.8156
2015-08-23 17:00:00,298.03955
2015-08-23 18:00:00,298.39246
2015-08-23 19:00:00,297.1749
2015-08-23 20:00:00,296.55927
2015-08-23 21:00:00,296.56842
2015-08-23 22:00:00,296.075
2015-08-23 23:00:00,295.99863
2015-08-24 00:00:00,296.20178
2015-08-24 01:00:00,296.07193
2015-08-24 02:00:00,295.80002
2015-08-24 03:00:00,296.24152
2015-08-24 04:00:00,296.14374
2015-08-24 05:00:00,297.0985
2015-08-24 06:00:00,296.5562
2015-08-24 07:00:00,297.6378
2015-08-24 08:00:00,301.74106
2015-08-24 09:00:00,302.50488
2015-08-24 10:00:00,301.2033
2015-08-24 11:00:00,301.76398
2015-08-24 12:00:00,301.94727
2015-08-24 13:00:00,301.49814
2015-08-24 14:00:00,299.00656
2015-08-24 15:00:00,299.06308
2015-08-24 16:00:00,298.83087
2015-08-24 17:00:00,297.40405
2015-08-24 18:00:00,297.33072
2015-08-24 19:00:00,297.87152
2015-08-24 20:00:00,296.5333
2015-08-24 21:00:00,295.40436
2015-08-24 22:00:00,294.74136
2015-08-24 23:00:00,294.86664
2015-08-25 00:00:00,294.6787
2015-08-25 01:00:00,294.2846
2015-08-25 02:00:00,295.84433
2015-08-25 03:00:00,295.56934
2015-08-25 04:00:00,297.12448
2015-08-25 05:00:00,300.39673
2015-08-25 06:00:00,301.7166
2015-08-25 07:00:00,301.8266
2015-08-25 08:00:00,303.81714
2015-08-25 09:00:00,303.70255
2015-08-25 10:00:00,304.34723
2015-08-25 11:00:00,304.3579
2015-08-25 12:00:00,304.40375
2015-08-25 13:00:00,303.65826
2015-08-25 14:00:00,301.38968
2015-08-25 15:00:00,300.8703
2015-08-25 16:00:00,301.03223
2015-08-25 17:00:00,299.1746
2015-08-25 18:00:00,298.61853
2015-08-25 19:00:00,298.49786
2015-08-25 20:00:00,296.85562
2015-08-25 21:00:00,296.51953
2015-08-25 22:00:00,295.35547
2015-08-25 23:00:00,295.24548
2015-08-26 00:00:00,294.99188
2015-08-26 01:00:00,294.86356
2015-08-26 02:00:00,297.0313
2015-08-26 03:00:00,296.8755
2015-08-26 04:00:00,297.15964
2015-08-26 05:00:00,301.33926
2015-08-26 06:00:00,301.9045
2015-08-26 07:00:00,301.82202
2015-08-26 08:00:00,304.15778
2015-08-26 09:00:00,304.28763
2015-08-26 10:00:00,303.38937
2015-08-26 11:00:00,303.60938
2015-08-26 12:00:00,303.4994
2015-08-26 13:00:00,303.7499
2015-08-26 14:00:00,302.95096
2015-08-26 15:00:00,300.11868
2015-08-26 16:00:00,300.46698
2015-08-26 17:00:00,300.108
2015-08-26 18:00:00,299.3579
2015-08-26 19:00:00,299.30444
2015-08-26 20:00:00,298.33743
2015-08-26 21:00:00,298.13885
2015-08-26 22:00:00,297.11533
2015-08-26 23:00:00,297.0527
2015-08-27 00:00:00,297.126
2015-08-27 01:00:00,297.0145
2015-08-27 02:00:00,298.35272
2015-08-27 03:00:00,297.6607
2015-08-27 04:00:00,297.7157
2015-08-27 05:00:00,298.95462
2015-08-27 06:00:00,304.26013
2015-08-27 07:00:00,303.60632
2015-08-27 08:00:00,303.93933
2015-08-27 09:00:00,303.85837
2015-08-27 10:00:00,300.9879
2015-08-27 11:00:00,300.3799
2015-08-27 12:00:00,300.91153
2015-08-27 13:00:00,301.28427
2015-08-27 14:00:00,298.29468
2015-08-27 15:00:00,297.91275
2015-08-27 16:00:00,297.76764
2015-08-27 17:00:00,296.74564
2015-08-27 18:00:00,296.52567
2015-08-27 19:00:00,296.55927
2015-08-27 20:00:00,295.5113
2015-08-27 21:00:00,294.92773
2015-08-27 22:00:00,294.64053
2015-08-27 23:00:00,294.09668
2015-08-28 00:00:00,293.84464
2015-08-28 01:00:00,293.7331
2015-08-28 02:00:00,295.06522
2015-08-28 03:00:00,294.7368
2015-08-28 04:00:00,295.90237
2015-08-28 05:00:00,299.85745
2015-08-28 06:00:00,300.1477
2015-08-28 07:00:00,300.21188
2015-08-28 08:00:00,302.56903
2015-08-28 09:00:00,302.88373
2015-08-28 10:00:00,302.86234
2015-08-28 11:00:00,302.63474
2015-08-28 12:00:00,302.24518
2015-08-28 13:00:00,302.4346
2015-08-28 14:00:00,300.36615
2015-08-28 15:00:00,300.15076
2015-08-28 16:00:00,300.31882
2015-08-28 17:00:00,298.30078
2015-08-28 18:00:00,298.3848
2015-08-28 19:00:00,297.93262
2015-08-28 20:00:00,297.3857
2015-08-28 21:00:00,295.23938
2015-08-28 22:00:00,294.63596
2015-08-28 23:00:00,294.55347
2015-08-29 00:00:00,294.5947
2015-08-29 01:00:00,294.48013
2015-08-29 02:00:00,295.74197
2015-08-29 03:00:00,296.05667
2015-08-29 04:00:00,296.12082
2015-08-29 05:00:00,300.9375
2015-08-29 06:00:00,301.50427
2015-08-29 07:00:00,301.56842
2015-08-29 08:00:00,304.16086
2015-08-29 09:00:00,303.9103
2015-08-29 10:00:00,303.5238
2015-08-29 11:00:00,303.91336
2015-08-29 12:00:00,303.53757
2015-08-29 13:00:00,303.22287
2015-08-29 14:00:00,300.50824
2015-08-29 15:00:00,300.33255
2015-08-29 16:00:00,299.91397
2015-08-29 17:00:00,298.42148
2015-08-29 18:00:00,298.4016
2015-08-29 19:00:00,298.17398
2015-08-29 20:00:00,296.77466
2015-08-29 21:00:00,296.38815
2015-08-29 22:00:00,295.7557
2015-08-29 23:00:00,295.50366
2015-08-30 00:00:00,295.32645
2015-08-30 01:00:00,295.5403
2015-08-30 02:00:00,296.4233
2015-08-30 03:00:00,296.91214
2015-08-30 04:00:00,297.6103
2015-08-30 05:00:00,301.93353
2015-08-30 06:00:00,302.11075
2015-08-30 07:00:00,301.9198
2015-08-30 08:00:00,301.8327
2015-08-30 09:00:00,303.05176
2015-08-30 10:00:00,300.53726
2015-08-30 11:00:00,300.7435
2015-08-30 12:00:00,300.68393
2015-08-30 13:00:00,299.67108
2015-08-30 14:00:00,298.4444
2015-08-30 15:00:00,296.5394
2015-08-30 16:00:00,296.22928
2015-08-30 17:00:00,295.92224
2015-08-30 18:00:00,296.52567
2015-08-30 19:00:00,296.4905
2015-08-30 20:00:00,295.0866
2015-08-30 21:00:00,295.03925
2015-08-30 22:00:00,294.2342
2015-08-30 23:00:00,293.61243
2015-08-31 00:00:00,293.65213
2015-08-31 01:00:00,293.81256
2015-08-31 02:00:00,294.84525
2015-08-31 03:00:00,294.78412
2015-08-31 04:00:00,294.7597
2015-08-31 05:00:00,299.48166
2015-08-31 06:00:00,299.40527
2015-08-31 07:00:00,299.76123
2015-08-31 08:00:00,300.11258
2015-08-31 09:00:00,301.9717
2015-08-31 10:00:00,302.17947
2015-08-31 11:00:00,301.57605
2015-08-31 12:00:00,301.61426
2015-08-31 13:00:00,300.9925
2015-08-31 14:00:00,299.6787
2015-08-31 15:00:00,297.36127
2015-08-31 16:00:00,297.32156
2015-08-31 17:00:00,297.05576
2015-08-31 18:00:00,296.88007
2015-08-31 19:00:00,296.2247
2015-08-31 20:00:00,296.06277
2015-08-31 21:00:00,294.40985
2015-08-31 22:00:00,294.57483
2015-08-31 23:00:00,294.35333
2015-09-01 00:00:00,294.1257
2015-09-01 01:00:00,294.05545
2015-09-01 02:00:00,295.72974
2015-09-01 03:00:00,295.2898
2015-09-01 04:00:00,295.5556
2015-09-01 05:00:00,300.48074
2015-09-01 06:00:00,301.27206
2015-09-01 07:00:00,301.50732
2015-09-01 08:00:00,301.86325
2015-09-01 09:00:00,303.5238
2015-09-01 10:00:00,304.1349
2015-09-01 11:00:00,304.4282
2015-09-01 12:00:00,302.14893
2015-09-01 13:00:00,302.72485
2015-09-01 14:00:00,301.3729
2015-09-01 15:00:00,300.31577
2015-09-01 16:00:00,300.07285
2015-09-01 17:00:00,298.54672
2015-09-01 18:00:00,298.119
2015-09-01 19:00:00,298.0915
2015-09-01 20:00:00,297.03284
2015-09-01 21:00:00,296.8877
2015-09-01 22:00:00,295.60602
2015-09-01 23:00:00,295.46088
2015-09-02 00:00:00,295.20117
2015-09-02 01:00:00,294.9659
2015-09-02 02:00:00,296.38358
2015-09-02 03:00:00,296.14984
2015-09-02 04:00:00,296.78076
2015-09-02 05:00:00,298.03192
2015-09-02 06:00:00,303.08234
2015-09-02 07:00:00,303.1694
2015-09-02 08:00:00,304.02182
2015-09-02 09:00:00,304.03864
2015-09-02 10:00:00,303.9653
2015-09-02 11:00:00,304.13947
2015-09-02 12:00:00,303.6277
2015-09-02 13:00:00,303.4123
2015-09-02 14:00:00,300.89166
2015-09-02 15:00:00,300.59683
2015-09-02 16:00:00,300.78778
2015-09-02 17:00:00,299.12723
2015-09-02 18:00:00,298.63077
2015-09-02 19:00:00,298.60327
2015-09-02 20:00:00,296.33316
2015-09-02 21:00:00,295.90695
2015-09-02 22:00:00,294.5733
2015-09-02 23:00:00,294.11044
2015-09-03 00:00:00,293.6827
2015-09-03 01:00:00,293.67047
2015-09-03 02:00:00,294.0203
2015-09-03 03:00:00,293.04413
2015-09-03 04:00:00,293.76825
2015-09-03 05:00:00,298.29773
2015-09-03 06:00:00,298.9653
2015-09-03 07:00:00,299.57635
2015-09-03 08:00:00,300.5174
2015-09-03 09:00:00,301.38205
2015-09-03 10:00:00,301.88464
2015-09-03 11:00:00,302.0756
2015-09-03 12:00:00,301.6555
2015-09-03 13:00:00,301.91214
2015-09-03 14:00:00,300.4227
2015-09-03 15:00:00,297.45294
2015-09-03 16:00:00,296.83118
2015-09-03 17:00:00,296.62955
2015-09-03 18:00:00,296.9809
2015-09-03 19:00:00,296.92133
2015-09-03 20:00:00,294.8651
2015-09-03 21:00:00,294.51373
2015-09-03 22:00:00,294.8926
2015-09-03 23:00:00,294.4129
2015-09-04 00:00:00,293.70868
2015-09-04 01:00:00,293.45355
2015-09-04 02:00:00,295.32034
2015-09-04 03:00:00,295.63046
2015-09-04 04:00:00,296.06735
2015-09-04 05:00:00,301.5058
2015-09-04 06:00:00,301.8327
2015-09-04 07:00:00,302.12296
2015-09-04 08:00:00,304.1364
2015-09-04 09:00:00,304.25403
2015-09-04 10:00:00,303.45355
2015-09-04 11:00:00,303.76978
2015-09-04 12:00:00,302.65152
2015-09-04 13:00:00,302.20087
2015-09-04 14:00:00,299.54428
2015-09-04 15:00:00,299.39917
2015-09-04 16:00:00,300.10495
2015-09-04 17:00:00,298.1969
2015-09-04 18:00:00,297.63168
2015-09-04 19:00:00,297.34753
2015-09-04 20:00:00,296.1972
2015-09-04 21:00:00,295.81378
2015-09-04 22:00:00,295.04077
2015-09-04 23:00:00,294.54276
2015-09-05 00:00:00,294.44193
2015-09-05 01:00:00,294.5886
2015-09-05 02:00:00,295.46393
2015-09-05 03:00:00,295.70685
2015-09-05 04:00:00,296.08264
2015-09-05 05:00:00,301.40192
2015-09-05 06:00:00,302.04962
2015-09-05 07:00:00,302.21158
2015-09-05 08:00:00,303.8599
2015-09-05 09:00:00,303.6002
2015-09-05 10:00:00,302.3949
2015-09-05 11:00:00,303.11136
2015-09-05 12:00:00,303.29468
2015-09-05 13:00:00,302.69583
2015-09-05 14:00:00,301.6662
2015-09-05 15:00:00,297.79666
2015-09-05 16:00:00,297.98303
2015-09-05 17:00:00,297.85318
2015-09-05 18:00:00,297.7829
2015-09-05 19:00:00,297.7493
2015-09-05 20:00:00,297.3185
2015-09-05 21:00:00,296.69064
2015-09-05 22:00:00,295.16605
2015-09-05 23:00:00,295.1905
2015-09-06 00:00:00,294.60693
2015-09-06 01:00:00,294.45874
2015-09-06 02:00:00,295.63504
2015-09-06 03:00:00,295.1294
2015-09-06 04:00:00,295.29895
2015-09-06 05:00:00,299.2021
2015-09-06 06:00:00,298.82172
2015-09-06 07:00:00,298.8385
2015-09-06 08:00:00,300.826
2015-09-06 09:00:00,301.9152
2015-09-06 10:00:00,301.26135
2015-09-06 11:00:00,300.218
2015-09-06 12:00:00,300.30505
2015-09-06 13:00:00,301.04443
2015-09-06 14:00:00,298.93323
2015-09-06 15:00:00,298.0854
2015-09-06 16:00:00,298.21677
2015-09-06 17:00:00,296.9748
2015-09-06 18:00:00,296.61884
2015-09-06 19:00:00,296.5837
2015-09-06 20:00:00,295.98334
2015-09-06 21:00:00,295.8535
2015-09-06 22:00:00,293.30536
2015-09-06 23:00:00,292.9647
2015-09-07 00:00:00,293.0243
2015-09-07 01:00:00,292.8486
2015-09-07 02:00:00,293.59256
2015-09-07 03:00:00,293.28705
2015-09-07 04:00:00,294.1685
2015-09-07 05:00:00,299.96133
2015-09-07 06:00:00,300.7099
2015-09-07 07:00:00,301.07346
2015-09-07 08:00:00,303.94852
2015-09-07 09:00:00,303.4001
2015-09-07 10:00:00,302.2131
2015-09-07 11:00:00,302.2895
2015-09-07 12:00:00,302.58585
2015-09-07 13:00:00,302.7065
2015-09-07 14:00:00,301.22165
2015-09-07 15:00:00,300.69308
2015-09-07 16:00:00,300.29742
2015-09-07 17:00:00,298.80338
2015-09-07 18:00:00,298.35272
2015-09-07 19:00:00,298.0365
2015-09-07 20:00:00,296.87244
2015-09-07 21:00:00,296.46606
2015-09-07 22:00:00,293.82935
2015-09-07 23:00:00,293.38327
2015-09-08 00:00:00,293.3451
2015-09-08 01:00:00,293.53604
2015-09-08 02:00:00,293.7545
2015-09-08 03:00:00,297.50946
2015-09-08 04:00:00,299.21127
2015-09-08 05:00:00,301.1071
2015-09-08 06:00:00,301.40802
2015-09-08 07:00:00,301.59897
2015-09-08 08:00:00,303.42606
2015-09-08 09:00:00,303.3726
2015-09-08 10:00:00,303.69492
2015-09-08 11:00:00,303.11136
2015-09-08 12:00:00,303.3176
2015-09-08 13:00:00,302.71265
2015-09-08 14:00:00,300.8657
2015-09-08 15:00:00,300.6503
2015-09-08 16:00:00,300.3234
2015-09-08 17:00:00,297.91733
2015-09-08 18:00:00,297.34753
2015-09-08 19:00:00,296.53482
2015-09-08 20:00:00,294.94147
2015-09-08 21:00:00,294.27084
2015-09-08 22:00:00,293.4719
2015-09-08 23:00:00,293.2901
2015-09-09 00:00:00,293.14038
2015-09-09 01:00:00,293.18927
2015-09-09 02:00:00,294.75052
2015-09-09 03:00:00,294.77954
2015-09-09 04:00:00,295.00107
2015-09-09 05:00:00,300.73126
2015-09-09 06:00:00,301.22318
2015-09-09 07:00:00,301.63104
2015-09-09 08:00:00,304.5733
2015-09-09 09:00:00,304.71082
2015-09-09 10:00:00,303.62158
2015-09-09 11:00:00,303.43216
2015-09-09 12:00:00,303.69492
2015-09-09 13:00:00,302.7493
2015-09-09 14:00:00,301.32706
2015-09-09 15:00:00,301.10095
2015-09-09 16:00:00,300.59836
2015-09-09 17:00:00,298.8767
2015-09-09 18:00:00,298.02734
2015-09-09 19:00:00,297.2131
2015-09-09 20:00:00,295.77557
2015-09-09 21:00:00,295.45172
2015-09-09 22:00:00,293.78046
2015-09-09 23:00:00,293.37106
2015-09-10 00:00:00,293.3359
2015-09-10 01:00:00,293.1694
2015-09-10 02:00:00,295.23328
2015-09-10 03:00:00,295.08813
2015-09-10 04:00:00,295.70685
2015-09-10 05:00:00,301.24152
2015-09-10 06:00:00,301.90604
2015-09-10 07:00:00,302.13977
2015-09-10 08:00:00,302.93872
2015-09-10 09:00:00,304.64816
2015-09-10 10:00:00,302.9937
2015-09-10 11:00:00,302.8608
2015-09-10 12:00:00,303.12662
2015-09-10 13:00:00,303.05484
2015-09-10 14:00:00,303.06857
2015-09-10 15:00:00,299.46484
2015-09-10 16:00:00,299.45264
2015-09-10 17:00:00,298.84158
2015-09-10 18:00:00,297.9479
2015-09-10 19:00:00,297.24976
2015-09-10 20:00:00,295.70837
2015-09-10 21:00:00,295.38907
2015-09-10 22:00:00,293.3023
2015-09-10 23:00:00,293.1572
2015-09-11 00:00:00,293.09454
2015-09-11 01:00:00,293.11136
2015-09-11 02:00:00,294.7215
2015-09-11 03:00:00,295.96194
2015-09-11 04:00:00,296.29803
2015-09-11 05:00:00,302.06186
2015-09-11 06:00:00,302.19476
2015-09-11 07:00:00,302.14587
2015-09-11 08:00:00,305.06522
2015-09-11 09:00:00,305.2684
2015-09-11 10:00:00,304.84372
2015-09-11 11:00:00,304.82843
2015-09-11 12:00:00,304.3075
2015-09-11 13:00:00,304.15167
2015-09-11 14:00:00,301.55316
2015-09-11 15:00:00,301.56537
2015-09-11 16:00:00,301.51038
2015-09-11 17:00:00,298.43216
2015-09-11 18:00:00,298.06705
2015-09-11 19:00:00,297.94025
2015-09-11 20:00:00,296.3576
2015-09-11 21:00:00,295.89627
2015-09-11 22:00:00,294.27695
2015-09-11 23:00:00,294.31668
2015-09-12 00:00:00,294.53513
2015-09-12 01:00:00,294.41595
2015-09-12 02:00:00,295.8428
2015-09-12 03:00:00,295.2623
2015-09-12 04:00:00,297.70807
2015-09-12 05:00:00,301.81592
2015-09-12 06:00:00,302.33224
2015-09-12 07:00:00,302.38724
2015-09-12 08:00:00,305.20575
2015-09-12 09:00:00,305.2134
2015-09-12 10:00:00,304.53207
2015-09-12 11:00:00,304.58554
2015-09-12 12:00:00,304.75815
2015-09-12 13:00:00,303.4841
2015-09-12 14:00:00,301.54855
2015-09-12 15:00:00,301.37747
2015-09-12 16:00:00,301.67535
2015-09-12 17:00:00,299.3243
2015-09-12 18:00:00,298.80185
2015-09-12 19:00:00,298.3955
2015-09-12 20:00:00,297.10464
2015-09-12 21:00:00,296.96866
2015-09-12 22:00:00,295.2348
2015-09-12 23:00:00,294.95828
2015-09-13 00:00:00,294.68637
2015-09-13 01:00:00,294.54123
2015-09-13 02:00:00,296.03833
2015-09-13 03:00:00,295.5831
2015-09-13 04:00:00,297.18103
2015-09-13 05:00:00,301.8388
2015-09-13 06:00:00,302.43765
2015-09-13 07:00:00,302.7096
2015-09-13 08:00:00,303.35577
2015-09-13 09:00:00,305.21646
2015-09-13 10:00:00,304.6833
2015-09-13 11:00:00,304.66193
2015-09-13 12:00:00,304.37015
2015-09-13 13:00:00,303.8538
2015-09-13 14:00:00,302.2589
2015-09-13 15:00:00,301.96255
2015-09-13 16:00:00,300.7435
2015-09-13 17:00:00,299.18988
2015-09-13 18:00:00,298.7774
2015-09-13 19:00:00,298.32217
2015-09-13 20:00:00,297.401
2015-09-13 21:00:00,296.79605
2015-09-13 22:00:00,294.76733
2015-09-13 23:00:00,294.64816
2015-09-14 00:00:00,294.5947
2015-09-14 01:00:00,294.35028
2015-09-14 02:00:00,294.91397
2015-09-14 03:00:00,299.3732
2015-09-14 04:00:00,300.48685
2015-09-14 05:00:00,302.58127
2015-09-14 06:00:00,303.04565
2015-09-14 07:00:00,303.1526
2015-09-14 08:00:00,303.34204
2015-09-14 09:00:00,305.13702
2015-09-14 10:00:00,304.72607
2015-09-14 11:00:00,304.51068
2015-09-14 12:00:00,304.88953
2015-09-14 13:00:00,304.63443
2015-09-14 14:00:00,303.3848
2015-09-14 15:00:00,300.98334
2015-09-14 16:00:00,300.59225
2015-09-14 17:00:00,299.88037
2015-09-14 18:00:00,298.8049
2015-09-14 19:00:00,297.2345
2015-09-14 20:00:00,296.10095
2015-09-14 21:00:00,295.0637
2015-09-14 22:00:00,295.39062
2015-09-14 23:00:00,295.13855
2015-09-15 00:00:00,294.69705
2015-09-15 01:00:00,294.34418
2015-09-15 02:00:00,296.4569
2015-09-15 03:00:00,296.25372
2015-09-15 04:00:00,297.87915
2015-09-15 05:00:00,302.4132
2015-09-15 06:00:00,302.7768
2015-09-15 07:00:00,302.9097
2015-09-15 08:00:00,305.2852
2015-09-15 09:00:00,304.78412
2015-09-15 10:00:00,304.13028
2015-09-15 11:00:00,304.23877
2015-09-15 12:00:00,303.52686
2015-09-15 13:00:00,302.65918
2015-09-15 14:00:00,302.181
2015-09-15 15:00:00,297.89902
2015-09-15 16:00:00,298.36646
2015-09-15 17:00:00,298.01358
2015-09-15 18:00:00,297.401
2015-09-15 19:00:00,297.1688
2015-09-15 20:00:00,296.28122
2015-09-15 21:00:00,296.12848
2015-09-15 22:00:00,294.86664
2015-09-15 23:00:00,294.6512
2015-09-16 00:00:00,294.10892
2015-09-16 01:00:00,293.64908
2015-09-16 02:00:00,294.90482
2015-09-16 03:00:00,295.48532
2015-09-16 04:00:00,298.2733
2015-09-16 05:00:00,301.52872
2015-09-16 06:00:00,302.03894
2015-09-16 07:00:00,302.16116
2015-09-16 08:00:00,304.49692
2015-09-16 09:00:00,304.3457
2015-09-16 10:00:00,303.7652
2015-09-16 11:00:00,303.77893
2015-09-16 12:00:00,304.0096
2015-09-16 13:00:00,303.3512
2015-09-16 14:00:00,300.98486
2015-09-16 15:00:00,299.76428
2015-09-16 16:00:00,300.17215
2015-09-16 17:00:00,298.3909
2015-09-16 18:00:00,298.68115
2015-09-16 19:00:00,298.45203
2015-09-16 20:00:00,296.88312
2015-09-16 21:00:00,295.79544
2015-09-16 22:00:00,293.8706
2015-09-16 23:00:00,294.00504
2015-09-17 00:00:00,294.031
2015-09-17 01:00:00,293.78964
2015-09-17 02:00:00,295.28827
2015-09-17 03:00:00,295.94974
2015-09-17 04:00:00,296.3515
2015-09-17 05:00:00,301.15594
2015-09-17 06:00:00,301.67078
2015-09-17 07:00:00,301.90604
2015-09-17 08:00:00,304.65732
2015-09-17 09:00:00,304.7383
2015-09-17 10:00:00,303.72852
2015-09-17 11:00:00,303.3741
2015-09-17 12:00:00,303.74228
2015-09-17 13:00:00,304.1471
2015-09-17 14:00:00,302.61182
2015-09-17 15:00:00,300.07132
2015-09-17 16:00:00,300.00565
2015-09-17 17:00:00,298.99432
2015-09-17 18:00:00,298.48563
2015-09-17 19:00:00,297.97235
2015-09-17 20:00:00,296.52258
2015-09-17 21:00:00,296.17123
2015-09-17 22:00:00,294.6054
2015-09-17 23:00:00,294.22195
2015-09-18 00:00:00,294.0799
2015-09-18 01:00:00,293.74228
2015-09-18 02:00:00,294.2036
2015-09-18 03:00:00,298.1297
2015-09-18 04:00:00,299.7001
2015-09-18 05:00:00,301.79147
2015-09-18 06:00:00,302.53085
2015-09-18 07:00:00,302.6057
2015-09-18 08:00:00,305.32492
2015-09-18 09:00:00,305.4502
2015-09-18 10:00:00,304.335
2015-09-18 11:00:00,304.79788
2015-09-18 12:00:00,304.43582
2015-09-18 13:00:00,304.3136
2015-09-18 14:00:00,301.5547
2015-09-18 15:00:00,301.70438
2015-09-18 16:00:00,301.08722
2015-09-18 17:00:00,298.6445
2015-09-18 18:00:00,298.36035
2015-09-18 19:00:00,297.70807
2015-09-18 20:00:00,296.379
2015-09-18 21:00:00,294.34265
2015-09-18 22:00:00,294.34113
2015-09-18 23:00:00,294.13184
2015-09-19 00:00:00,294.24335
2015-09-19 01:00:00,293.9745
2015-09-19 02:00:00,295.57544
2015-09-19 03:00:00,295.37076
2015-09-19 04:00:00,297.05576
2015-09-19 05:00:00,301.52106
2015-09-19 06:00:00,302.41168
2015-09-19 07:00:00,302.59653
2015-09-19 08:00:00,305.5067
2015-09-19 09:00:00,305.69308
2015-09-19 10:00:00,304.23416
2015-09-19 11:00:00,304.3457
2015-09-19 12:00:00,304.44806
2015-09-19 13:00:00,304.18378
2015-09-19 14:00:00,301.47983
2015-09-19 15:00:00,301.30872
2015-09-19 16:00:00,300.82446
2015-09-19 17:00:00,298.1526
2015-09-19 18:00:00,297.99985
2015-09-19 19:00:00,297.73248
2015-09-19 20:00:00,296.23233
2015-09-19 21:00:00,295.8046
2015-09-19 22:00:00,294.6436
2015-09-19 23:00:00,294.31516
2015-09-20 00:00:00,294.26016
2015-09-20 01:00:00,294.0585
2015-09-20 02:00:00,295.1477
2015-09-20 03:00:00,294.6665
2015-09-20 04:00:00,295.9436
2015-09-20 05:00:00,299.61456
2015-09-20 06:00:00,300.01328
2015-09-20 07:00:00,300.0576
2015-09-20 08:00:00,302.6836
2015-09-20 09:00:00,302.69888
2015-09-20 10:00:00,302.8654
2015-09-20 11:00:00,302.44223
2015-09-20 12:00:00,302.4789
2015-09-20 13:00:00,302.27878
2015-09-20 14:00:00,300.23785
2015-09-20 15:00:00,299.81775
2015-09-20 16:00:00,300.14008
2015-09-20 17:00:00,298.11136
2015-09-20 18:00:00,297.90512
2015-09-20 19:00:00,296.76245
2015-09-20 20:00:00,294.53665
2015-09-20 21:00:00,294.21432
2015-09-20 22:00:00,293.1694
2015-09-20 23:00:00,292.85623
2015-09-21 00:00:00,293.1847
2015-09-21 01:00:00,293.16177
2015-09-21 02:00:00,294.28
2015-09-21 03:00:00,293.83545
2015-09-21 04:00:00,295.2348
2015-09-21 05:00:00,299.82233
2015-09-21 06:00:00,300.59836
2015-09-21 07:00:00,300.92072
2015-09-21 08:00:00,302.68515
2015-09-21 09:00:00,302.69888
2015-09-21 10:00:00,302.66833
2015-09-21 11:00:00,302.55835
2015-09-21 12:00:00,302.56903
2015-09-21 13:00:00,302.3857
2015-09-21 14:00:00,300.17215
2015-09-21 15:00:00,299.82233
2015-09-21 16:00:00,300.00565
2015-09-21 17:00:00,298.23816
2015-09-21 18:00:00,298.32523
2015-09-21 19:00:00,298.14038
2015-09-21 20:00:00,297.9754
2015-09-21 21:00:00,296.654
2015-09-21 22:00:00,295.218
2015-09-21 23:00:00,295.28522
2015-09-22 00:00:00,294.6604
2015-09-22 01:00:00,293.91336
2015-09-22 02:00:00,293.12204
2015-09-22 03:00:00,292.03894
2015-09-22 04:00:00,291.3668
2015-09-22 05:00:00,291.53482
2015-09-22 06:00:00,291.48135
2015-09-22 07:00:00,291.21402
2015-09-22 08:00:00,291.04596
2015-09-22 09:00:00,291.64328
2015-09-22 10:00:00,291.6051
2015-09-22 11:00:00,291.51038
2015-09-22 12:00:00,291.82355
2015-09-22 13:00:00,292.07867
2015-09-22 14:00:00,291.16818
2015-09-22 15:00:00,291.6723
2015-09-22 16:00:00,291.4997
2015-09-22 17:00:00,291.16666
2015-09-22 18:00:00,291.22012
2015-09-22 19:00:00,291.13
2015-09-22 20:00:00,290.85043
2015-09-22 21:00:00,290.31577
2015-09-22 22:00:00,290.15994
2015-09-22 23:00:00,290.2027
2015-09-23 00:00:00,290.3677
2015-09-23 01:00:00,290.62585
2015-09-23 02:00:00,291.07806
2015-09-23 03:00:00,290.40436
2015-09-23 04:00:00,290.0255
2015-09-23 05:00:00,292.1016
2015-09-23 06:00:00,291.518
2015-09-23 07:00:00,291.5776
2015-09-23 08:00:00,293.82477
2015-09-23 09:00:00,293.8492
2015-09-23 10:00:00,292.97693
2015-09-23 11:00:00,294.09058
2015-09-23 12:00:00,294.62524
2015-09-23 13:00:00,294.39917
2015-09-23 14:00:00,292.94025
2015-09-23 15:00:00,292.58127
2015-09-23 16:00:00,293.1801
2015-09-23 17:00:00,292.75082
2015-09-23 18:00:00,292.84097
2015-09-23 19:00:00,292.79666
2015-09-23 20:00:00,291.87396
2015-09-23 21:00:00,291.79147
2015-09-23 22:00:00,290.6656
2015-09-23 23:00:00,290.6595
2015-09-24 00:00:00,290.78934
2015-09-24 01:00:00,290.5617
2015-09-24 02:00:00,292.15964
2015-09-24 03:00:00,291.3958
2015-09-24 04:00:00,291.6998
2015-09-24 05:00:00,296.72272
2015-09-24 06:00:00,297.28644
2015-09-24 07:00:00,297.2406
2015-09-24 08:00:00,299.943
2015-09-24 09:00:00,300.15076
2015-09-24 10:00:00,298.78656
2015-09-24 11:00:00,299.1364
2015-09-24 12:00:00,297.96317
2015-09-24 13:00:00,298.2458
2015-09-24 14:00:00,296.4722
2015-09-24 15:00:00,296.6784
2015-09-24 16:00:00,296.7502
2015-09-24 17:00:00,294.49387
2015-09-24 18:00:00,294.2525
2015-09-24 19:00:00,293.97144
2015-09-24 20:00:00,292.8333
2015-09-24 21:00:00,292.6607
2015-09-24 22:00:00,291.31485
2015-09-24 23:00:00,291.3958
2015-09-25 00:00:00,291.29956
2015-09-25 01:00:00,291.37137
2015-09-25 02:00:00,291.89383
2015-09-25 03:00:00,291.17123
2015-09-25 04:00:00,291.94577
2015-09-25 05:00:00,297.13824
2015-09-25 06:00:00,297.52014
2015-09-25 07:00:00,297.68054
2015-09-25 08:00:00,298.4016
2015-09-25 09:00:00,299.43277
2015-09-25 10:00:00,299.78717
2015-09-25 11:00:00,300.09424
2015-09-25 12:00:00,299.335
2015-09-25 13:00:00,298.39856
2015-09-25 14:00:00,296.10095
2015-09-25 15:00:00,296.3851
2015-09-25 16:00:00,296.22165
2015-09-25 17:00:00,294.56415
2015-09-25 18:00:00,294.48013
2015-09-25 19:00:00,294.88495
2015-09-25 20:00:00,293.45203
2015-09-25 21:00:00,292.2574
2015-09-25 22:00:00,290.76794
2015-09-25 23:00:00,291.04904
2015-09-26 00:00:00,291.8205
2015-09-26 01:00:00,291.4844
2015-09-26 02:00:00,292.0038
2015-09-26 03:00:00,292.2849
2015-09-26 04:00:00,292.24976
2015-09-26 05:00:00,297.53238
2015-09-26 06:00:00,297.97235
2015-09-26 07:00:00,298.00137
2015-09-26 08:00:00,299.8987
2015-09-26 09:00:00,300.6167
2015-09-26 10:00:00,300.14313
2015-09-26 11:00:00,299.5122
2015-09-26 12:00:00,299.90482
2015-09-26 13:00:00,299.17917
2015-09-26 14:00:00,297.73248
2015-09-26 15:00:00,298.0869
2015-09-26 16:00:00,296.56537
2015-09-26 17:00:00,293.95767
2015-09-26 18:00:00,293.90726
2015-09-26 19:00:00,294.06155
2015-09-26 20:00:00,292.59195
2015-09-26 21:00:00,292.5889
2015-09-26 22:00:00,291.5669
2015-09-26 23:00:00,291.2629
2015-09-27 00:00:00,291.2186
2015-09-27 01:00:00,291.16666
2015-09-27 02:00:00,291.8419
2015-09-27 03:00:00,291.72577
2015-09-27 04:00:00,292.13214
2015-09-27 05:00:00,296.53177
2015-09-27 06:00:00,296.9106
2015-09-27 07:00:00,296.9702
2015-09-27 08:00:00,298.8263
2015-09-27 09:00:00,298.59256
2015-09-27 10:00:00,298.8813
2015-09-27 11:00:00,298.68115
2015-09-27 12:00:00,297.65613
2015-09-27 13:00:00,298.13428
2015-09-27 14:00:00,296.48746
2015-09-27 15:00:00,295.4227
2015-09-27 16:00:00,295.5403
2015-09-27 17:00:00,294.0081
2015-09-27 18:00:00,293.79727
2015-09-27 19:00:00,293.617
2015-09-27 20:00:00,292.44226
2015-09-27 21:00:00,292.12296
2015-09-27 22:00:00,291.12234
2015-09-27 23:00:00,290.92224
2015-09-28 00:00:00,290.83975
2015-09-28 01:00:00,290.7374
2015-09-28 02:00:00,291.38205
2015-09-28 03:00:00,291.5669
2015-09-28 04:00:00,291.95187
2015-09-28 05:00:00,297.31238
2015-09-28 06:00:00,298.0976
2015-09-28 07:00:00,298.03497
2015-09-28 08:00:00,300.52963
2015-09-28 09:00:00,300.81683
2015-09-28 10:00:00,299.50916
2015-09-28 11:00:00,299.73218
2015-09-28 12:00:00,299.96133
2015-09-28 13:00:00,300.19507
2015-09-28 14:00:00,298.04565
2015-09-28 15:00:00,294.24182
2015-09-28 16:00:00,294.47098
2015-09-28 17:00:00,294.34418
2015-09-28 18:00:00,294.7276
2015-09-28 19:00:00,294.06003
2015-09-28 20:00:00,292.13672
2015-09-28 21:00:00,291.56232
2015-09-28 22:00:00,291.075
2015-09-28 23:00:00,291.29498
2015-09-29 00:00:00,291.33777
2015-09-29 01:00:00,291.35455
2015-09-29 02:00:00,292.50183
2015-09-29 03:00:00,292.42697
2015-09-29 04:00:00,292.78598
2015-09-29 05:00:00,296.7487
2015-09-29 06:00:00,297.0298
2015-09-29 07:00:00,296.81287
2015-09-29 08:00:00,298.75296
2015-09-29 09:00:00,298.8767
2015-09-29 10:00:00,298.45508
2015-09-29 11:00:00,298.73462
2015-09-29 12:00:00,299.17764
2015-09-29 13:00:00,299.57788
2015-09-29 14:00:00,296.32095
2015-09-29 15:00:00,296.26138
2015-09-29 16:00:00,294.82233
2015-09-29 17:00:00,292.85623
2015-09-29 18:00:00,292.3185
2015-09-29 19:00:00,292.21768
2015-09-29 20:00:00,291.09332
2015-09-29 21:00:00,290.68393
2015-09-29 22:00:00,289.2189
2015-09-29 23:00:00,288.9103
2015-09-30 00:00:00,288.58035
2015-09-30 01:00:00,288.54675
2015-09-30 02:00:00,290.58463
2015-09-30 03:00:00,290.43796
2015-09-30 04:00:00,291.66772
2015-09-30 05:00:00,297.31085
2015-09-30 06:00:00,297.456
2015-09-30 07:00:00,297.63016
2015-09-30 08:00:00,300.96957
2015-09-30 09:00:00,301.0643
2015-09-30 10:00:00,300.91153
2015-09-30 11:00:00,301.10556
2015-09-30 12:00:00,301.44928
2015-09-30 13:00:00,301.40802
2015-09-30 14:00:00,300.247
2015-09-30 15:00:00,296.46454
2015-09-30 16:00:00,295.33255
2015-09-30 17:00:00,293.59256
2015-09-30 18:00:00,292.35974
2015-09-30 19:00:00,292.47586
2015-09-30 20:00:00,292.32156
2015-09-30 21:00:00,291.90146
2015-09-30 22:00:00,290.218
2015-09-30 23:00:00,290.15536
2015-10-01 00:00:00,290.48074
2015-10-01 01:00:00,290.61212
2015-10-01 02:00:00,291.29346
2015-10-01 03:00:00,292.85623
2015-10-01 04:00:00,295.33102
2015-10-01 05:00:00,298.8813
2015-10-01 06:00:00,299.15472
2015-10-01 07:00:00,299.04474
2015-10-01 08:00:00,301.3072
2015-10-01 09:00:00,302.17337
2015-10-01 10:00:00,300.92072
2015-10-01 11:00:00,301.06277
2015-10-01 12:00:00,301.42023
2015-10-01 13:00:00,302.2956
2015-10-01 14:00:00,300.8107
2015-10-01 15:00:00,294.0524
2015-10-01 16:00:00,294.1257
2015-10-01 17:00:00,294.28613
2015-10-01 18:00:00,294.18835
2015-10-01 19:00:00,294.05087
2015-10-01 20:00:00,292.57056
2015-10-01 21:00:00,292.11685
2015-10-01 22:00:00,290.8321
2015-10-01 23:00:00,290.93445
2015-10-02 00:00:00,291.0918
2015-10-02 01:00:00,291.2033
2015-10-02 02:00:00,292.19324
2015-10-02 03:00:00,293.37564
2015-10-02 04:00:00,295.60754
2015-10-02 05:00:00,298.5605
2015-10-02 06:00:00,298.58798
2015-10-02 07:00:00,298.46423
2015-10-02 08:00:00,300.83514
2015-10-02 09:00:00,301.4187
2015-10-02 10:00:00,300.54794
2015-10-02 11:00:00,300.66864
2015-10-02 12:00:00,300.97418
2015-10-02 13:00:00,302.14893
2015-10-02 14:00:00,298.6445
2015-10-02 15:00:00,295.44254
2015-10-02 16:00:00,295.03772
2015-10-02 17:00:00,293.7331
2015-10-02 18:00:00,293.09454
2015-10-02 19:00:00,293.1755
2015-10-02 20:00:00,293.02124
2015-10-02 21:00:00,291.18958
2015-10-02 22:00:00,289.8819
2015-10-02 23:00:00,289.90024
2015-10-03 00:00:00,289.95676
2015-10-03 01:00:00,289.28
2015-10-03 02:00:00,291.3301
2015-10-03 03:00:00,292.2742
2015-10-03 04:00:00,293.9042
2015-10-03 05:00:00,298.44592
2015-10-03 06:00:00,298.811
2015-10-03 07:00:00,298.80185
2015-10-03 08:00:00,302.01907
2015-10-03 09:00:00,301.80978
2015-10-03 10:00:00,300.5113
2015-10-03 11:00:00,300.47922
2015-10-03 12:00:00,300.5403
2015-10-03 13:00:00,301.69217
2015-10-03 14:00:00,301.1254
2015-10-03 15:00:00,295.54337
2015-10-03 16:00:00,295.46393
2015-10-03 17:00:00,295.2806
2015-10-03 18:00:00,294.8972
2015-10-03 19:00:00,294.83148
2015-10-03 20:00:00,293.28244
2015-10-03 21:00:00,290.92682
2015-10-03 22:00:00,290.70837
2015-10-03 23:00:00,290.5999
2015-10-04 00:00:00,290.37076
2015-10-04 01:00:00,290.14313
2015-10-04 02:00:00,290.82294
2015-10-04 03:00:00,292.1077
2015-10-04 04:00:00,294.4404
2015-10-04 05:00:00,298.53757
2015-10-04 06:00:00,299.4343
2015-10-04 07:00:00,299.51678
2015-10-04 08:00:00,301.61578
2015-10-04 09:00:00,302.09088
2015-10-04 10:00:00,301.2247
2015-10-04 11:00:00,301.46606
2015-10-04 12:00:00,301.2904
2015-10-04 13:00:00,302.41168
2015-10-04 14:00:00,300.8886
2015-10-04 15:00:00,295.62738
2015-10-04 16:00:00,295.7939
2015-10-04 17:00:00,294.8376
2015-10-04 18:00:00,294.6054
2015-10-04 19:00:00,294.364
2015-10-04 20:00:00,292.9754
2015-10-04 21:00:00,293.064
2015-10-04 22:00:00,290.8489
2015-10-04 23:00:00,290.80917
2015-10-05 00:00:00,290.64267
2015-10-05 01:00:00,290.5113
2015-10-05 02:00:00,292.33072
2015-10-05 03:00:00,293.00137
2015-10-05 04:00:00,294.68637
2015-10-05 05:00:00,298.87823
2015-10-05 06:00:00,299.56415
2015-10-05 07:00:00,299.59317
2015-10-05 08:00:00,299.7994
2015-10-05 09:00:00,301.41565
2015-10-05 10:00:00,300.24396
2015-10-05 11:00:00,300.6228
2015-10-05 12:00:00,301.0582
2015-10-05 13:00:00,301.877
2015-10-05 14:00:00,298.9042
2015-10-05 15:00:00,298.03192
2015-10-05 16:00:00,297.68973
2015-10-05 17:00:00,295.4716
2015-10-05 18:00:00,294.67566
2015-10-05 19:00:00,293.94852
2015-10-05 20:00:00,293.0747
2015-10-05 21:00:00,292.63626
2015-10-05 22:00:00,290.5678
2015-10-05 23:00:00,290.42422
2015-10-06 00:00:00,290.28214
2015-10-06 01:00:00,290.2241
2015-10-06 02:00:00,291.36984
2015-10-06 03:00:00,292.8822
2015-10-06 04:00:00,294.8697
2015-10-06 05:00:00,299.37473
2015-10-06 06:00:00,299.9033
2015-10-06 07:00:00,299.94913
2015-10-06 08:00:00,301.8755
2015-10-06 09:00:00,302.4178
2015-10-06 10:00:00,301.13153
2015-10-06 11:00:00,301.12387
2015-10-06 12:00:00,301.2461
2015-10-06 13:00:00,302.00687
2015-10-06 14:00:00,299.3014
2015-10-06 15:00:00,297.9036
2015-10-06 16:00:00,298.00595
2015-10-06 17:00:00,296.8648
2015-10-06 18:00:00,295.6778
2015-10-06 19:00:00,295.36005
2015-10-06 20:00:00,294.07532
2015-10-06 21:00:00,293.1419
2015-10-06 22:00:00,290.46088
2015-10-06 23:00:00,290.3173
2015-10-07 00:00:00,290.44714
2015-10-07 01:00:00,290.4288
2015-10-07 02:00:00,291.51343
2015-10-07 03:00:00,291.0032
2015-10-07 04:00:00,293.01358
2015-10-07 05:00:00,298.10065
2015-10-07 06:00:00,299.5397
2015-10-07 07:00:00,299.53207
2015-10-07 08:00:00,301.78995
2015-10-07 09:00:00,302.10922
2015-10-07 10:00:00,300.8275
2015-10-07 11:00:00,300.88098
2015-10-07 12:00:00,300.92682
2015-10-07 13:00:00,302.4835
2015-10-07 14:00:00,298.53146
2015-10-07 15:00:00,296.3851
2015-10-07 16:00:00,295.80002
2015-10-07 17:00:00,294.22806
2015-10-07 18:00:00,293.94547
2015-10-07 19:00:00,293.9103
2015-10-07 20:00:00,292.5064
2015-10-07 21:00:00,292.64084
2015-10-07 22:00:00,289.86664
2015-10-07 23:00:00,289.81775
2015-10-08 00:00:00,289.82843
2015-10-08 01:00:00,289.59775
2015-10-08 02:00:00,290.92072
2015-10-08 03:00:00,292.1627
2015-10-08 04:00:00,293.892
2015-10-08 05:00:00,298.57117
2015-10-08 06:00:00,299.58707
2015-10-08 07:00:00,299.69095
2015-10-08 08:00:00,301.8984
2015-10-08 09:00:00,302.1031
2015-10-08 10:00:00,300.71143
2015-10-08 11:00:00,300.826
2015-10-08 12:00:00,301.2354
2015-10-08 13:00:00,302.1352
2015-10-08 14:00:00,298.2305
2015-10-08 15:00:00,295.01938
2015-10-08 16:00:00,295.22562
2015-10-08 17:00:00,294.2464
2015-10-08 18:00:00,294.48166
2015-10-08 19:00:00,294.28766
2015-10-08 20:00:00,293.25647
2015-10-08 21:00:00,293.4398
2015-10-08 22:00:00,291.66467
2015-10-08 23:00:00,291.7823
2015-10-09 00:00:00,291.95187
2015-10-09 01:00:00,291.74258
2015-10-09 02:00:00,291.70593
2015-10-09 03:00:00,292.91583
2015-10-09 04:00:00,295.41504
2015-10-09 05:00:00,298.74533
2015-10-09 06:00:00,299.02335
2015-10-09 07:00:00,299.24792
2015-10-09 08:00:00,301.3301
2015-10-09 09:00:00,301.78687
2015-10-09 10:00:00,300.58768
2015-10-09 11:00:00,300.44254
2015-10-09 12:00:00,300.9803
2015-10-09 13:00:00,301.54703
2015-10-09 14:00:00,299.0249
2015-10-09 15:00:00,296.02307
2015-10-09 16:00:00,295.72974
2015-10-09 17:00:00,294.74136
2015-10-09 18:00:00,294.63748
2015-10-09 19:00:00,294.53665
2015-10-09 20:00:00,293.148
2015-10-09 21:00:00,292.93872
2015-10-09 22:00:00,290.8535
2015-10-09 23:00:00,290.85806
2015-10-10 00:00:00,290.7832
2015-10-10 01:00:00,290.6778
2015-10-10 02:00:00,291.4065
2015-10-10 03:00:00,292.94638
2015-10-10 04:00:00,294.63138
2015-10-10 05:00:00,298.88892
2015-10-10 06:00:00,299.1685
2015-10-10 07:00:00,299.1349
2015-10-10 08:00:00,301.31024
2015-10-10 09:00:00,301.8602
2015-10-10 10:00:00,300.38144
2015-10-10 11:00:00,300.32034
2015-10-10 12:00:00,300.78168
2015-10-10 13:00:00,301.793
2015-10-10 14:00:00,298.9256
2015-10-10 15:00:00,296.3729
2015-10-10 16:00:00,295.91
2015-10-10 17:00:00,294.4893
2015-10-10 18:00:00,294.8972
2015-10-10 19:00:00,294.54123
2015-10-10 20:00:00,293.63992
2015-10-10 21:00:00,293.72852
2015-10-10 22:00:00,291.75174
2015-10-10 23:00:00,291.91827
2015-10-11 00:00:00,291.51343
2015-10-11 01:00:00,291.54245
2015-10-11 02:00:00,292.77374
2015-10-11 03:00:00,293.68423
2015-10-11 04:00:00,294.6054
2015-10-11 05:00:00,298.99738
2015-10-11 06:00:00,299.2036
2015-10-11 07:00:00,299.26013
2015-10-11 08:00:00,301.0643
2015-10-11 09:00:00,301.36832
2015-10-11 10:00:00,300.20575
2015-10-11 11:00:00,300.34784
2015-10-11 12:00:00,300.70377
2015-10-11 13:00:00,301.50122
2015-10-11 14:00:00,298.43216
2015-10-11 15:00:00,296.59134
2015-10-11 16:00:00,296.6326
2015-10-11 17:00:00,294.68637
2015-10-11 18:00:00,294.80704
2015-10-11 19:00:00,294.58707
2015-10-11 20:00:00,293.35425
2015-10-11 21:00:00,293.08844
2015-10-11 22:00:00,291.19568
2015-10-11 23:00:00,290.94974
2015-10-12 00:00:00,291.04904
2015-10-12 01:00:00,291.02155
2015-10-12 02:00:00,292.20544
2015-10-12 03:00:00,293.52994
2015-10-12 04:00:00,294.0249
2015-10-12 05:00:00,298.32065
2015-10-12 06:00:00,299.17612
2015-10-12 07:00:00,299.5122
2015-10-12 08:00:00,301.4905
2015-10-12 09:00:00,302.01907
2015-10-12 10:00:00,300.96042
2015-10-12 11:00:00,300.87946
2015-10-12 12:00:00,300.71448
2015-10-12 13:00:00,301.21402
2015-10-12 14:00:00,299.97205
2015-10-12 15:00:00,296.29193
2015-10-12 16:00:00,295.78168
2015-10-12 17:00:00,294.8926
2015-10-12 18:00:00,295.18286
2015-10-12 19:00:00,295.1538
2015-10-12 20:00:00,294.38235
2015-10-12 21:00:00,294.2311
2015-10-12 22:00:00,293.16483
2015-10-12 23:00:00,292.64236
2015-10-13 00:00:00,292.90665
2015-10-13 01:00:00,292.45905
2015-10-13 02:00:00,293.42453
2015-10-13 03:00:00,294.15933
2015-10-13 04:00:00,294.26016
2015-10-13 05:00:00,298.92712
2015-10-13 06:00:00,299.15015
2015-10-13 07:00:00,299.1914
2015-10-13 08:00:00,301.00778
2015-10-13 09:00:00,301.324
2015-10-13 10:00:00,300.23325
2015-10-13 11:00:00,301.24762
2015-10-13 12:00:00,301.2094
2015-10-13 13:00:00,300.68393
2015-10-13 14:00:00,299.59164
2015-10-13 15:00:00,296.29498
2015-10-13 16:00:00,296.31177
2015-10-13 17:00:00,296.12692
2015-10-13 18:00:00,296.25067
2015-10-13 19:00:00,295.52963
2015-10-13 20:00:00,294.2464
2015-10-13 21:00:00,294.60236
2015-10-13 22:00:00,292.46515
2015-10-13 23:00:00,292.17795
2015-10-14 00:00:00,291.9259
2015-10-14 01:00:00,291.66925
2015-10-14 02:00:00,291.02155
2015-10-14 03:00:00,290.68088
2015-10-14 04:00:00,292.29407
2015-10-14 05:00:00,294.21738
2015-10-14 06:00:00,292.47128
2015-10-14 07:00:00,291.24304
2015-10-14 08:00:00,293.1908
2015-10-14 09:00:00,294.3854
2015-10-14 10:00:00,296.78534
2015-10-14 11:00:00,296.97174
2015-10-14 12:00:00,296.87854
2015-10-14 13:00:00,296.27512
2015-10-14 14:00:00,296.8419
2015-10-14 15:00:00,293.43063
2015-10-14 16:00:00,292.57056
2015-10-14 17:00:00,291.66315
2015-10-14 18:00:00,291.53635
2015-10-14 19:00:00,291.9595
2015-10-14 20:00:00,291.3026
2015-10-14 21:00:00,291.3943
2015-10-14 22:00:00,289.4725
2015-10-14 23:00:00,289.33347
2015-10-15 00:00:00,289.52597
2015-10-15 01:00:00,289.5825
2015-10-15 02:00:00,290.4013
2015-10-15 03:00:00,290.91766
2015-10-15 04:00:00,291.34998
2015-10-15 05:00:00,296.4401
2015-10-15 06:00:00,296.59897
2015-10-15 07:00:00,296.74258
2015-10-15 08:00:00,297.1856
2015-10-15 09:00:00,297.78903
2015-10-15 10:00:00,297.7829
2015-10-15 11:00:00,298.1694
2015-10-15 12:00:00,297.9647
2015-10-15 13:00:00,298.57117
2015-10-15 14:00:00,296.06888
2015-10-15 15:00:00,294.56567
2015-10-15 16:00:00,294.72455
2015-10-15 17:00:00,292.32767
2015-10-15 18:00:00,291.77618
2015-10-15 19:00:00,291.46606
2015-10-15 20:00:00,290.52505
2015-10-15 21:00:00,290.55103
2015-10-15 22:00:00,289.3075
2015-10-15 23:00:00,289.26016
2015-10-16 00:00:00,288.9928
2015-10-16 01:00:00,288.7224
2015-10-16 02:00:00,289.7765
2015-10-16 03:00:00,289.32736
2015-10-16 04:00:00,290.46088
2015-10-16 05:00:00,292.50793
2015-10-16 06:00:00,296.62494
2015-10-16 07:00:00,297.3292
2015-10-16 08:00:00,298.57117
2015-10-16 09:00:00,298.71173
2015-10-16 10:00:00,298.44745
2015-10-16 11:00:00,298.48868
2015-10-16 12:00:00,298.3955
2015-10-16 13:00:00,297.98303
2015-10-16 14:00:00,297.925
2015-10-16 15:00:00,294.02185
2015-10-16 16:00:00,294.1914
2015-10-16 17:00:00,294.3579
2015-10-16 18:00:00,294.57178
2015-10-16 19:00:00,293.47495
2015-10-16 20:00:00,293.51923
2015-10-16 21:00:00,291.7548
2015-10-16 22:00:00,290.39825
2015-10-16 23:00:00,290.39062
2015-10-17 00:00:00,290.38144
2015-10-17 01:00:00,290.13245
2015-10-17 02:00:00,290.8046
2015-10-17 03:00:00,293.93323
2015-10-17 04:00:00,294.40375
2015-10-17 05:00:00,296.93506
2015-10-17 06:00:00,297.32767
2015-10-17 07:00:00,297.49112
2015-10-17 08:00:00,298.3451
2015-10-17 09:00:00,300.14008
2015-10-17 10:00:00,299.46027
2015-10-17 11:00:00,299.3304
2015-10-17 12:00:00,299.44653
2015-10-17 13:00:00,299.6879
2015-10-17 14:00:00,298.9745
2015-10-17 15:00:00,292.7707
2015-10-17 16:00:00,292.86694
2015-10-17 17:00:00,292.91888
2015-10-17 18:00:00,292.23755
2015-10-17 19:00:00,292.2192
2015-10-17 20:00:00,291.8266
2015-10-17 21:00:00,290.247
2015-10-17 22:00:00,289.68637
2015-10-17 23:00:00,289.56873
2015-10-18 00:00:00,289.95828
2015-10-18 01:00:00,289.8636
2015-10-18 02:00:00,290.5495
2015-10-18 03:00:00,291.17734
2015-10-18 04:00:00,293.2183
2015-10-18 05:00:00,296.50732
2015-10-18 06:00:00,297.71265
2015-10-18 07:00:00,298.09912
2015-10-18 08:00:00,298.5177
2015-10-18 09:00:00,298.20148
2015-10-18 10:00:00,297.75082
2015-10-18 11:00:00,298.73923
2015-10-18 12:00:00,298.19537
2015-10-18 13:00:00,298.49326
2015-10-18 14:00:00,298.6888
2015-10-18 15:00:00,295.34937
2015-10-18 16:00:00,295.25006
2015-10-18 17:00:00,293.75754
2015-10-18 18:00:00,292.51556
2015-10-18 19:00:00,292.33072
2015-10-18 20:00:00,292.45447
2015-10-18 21:00:00,290.65338
2015-10-18 22:00:00,289.03253
2015-10-18 23:00:00,289.25864
2015-10-19 00:00:00,289.25403
2015-10-19 01:00:00,289.44806
2015-10-19 02:00:00,289.85287
2015-10-19 03:00:00,289.92163
2015-10-19 04:00:00,289.9644
2015-10-19 05:00:00,291.10098
2015-10-19 06:00:00,291.4508
2015-10-19 07:00:00,291.72577
2015-10-19 08:00:00,293.27176
2015-10-19 09:00:00,293.5177
2015-10-19 10:00:00,291.4279
2015-10-19 11:00:00,291.58676
2015-10-19 12:00:00,291.56537
2015-10-19 13:00:00,291.13763
2015-10-19 14:00:00,289.7704
2015-10-19 15:00:00,289.34723
2015-10-19 16:00:00,289.5275
2015-10-19 17:00:00,288.7591
2015-10-19 18:00:00,288.27176
2015-10-19 19:00:00,288.43216
2015-10-19 20:00:00,288.04874
2015-10-19 21:00:00,287.71112
2015-10-19 22:00:00,286.64633
2015-10-19 23:00:00,287.33533
2015-10-20 00:00:00,287.03284
2015-10-20 01:00:00,287.59042
2015-10-20 02:00:00,288.0472
2015-10-20 03:00:00,287.39185
2015-10-20 04:00:00,287.43155
2015-10-20 05:00:00,291.64633
2015-10-20 06:00:00,292.04965
2015-10-20 07:00:00,292.24365
2015-10-20 08:00:00,295.5449
2015-10-20 09:00:00,295.76337
2015-10-20 10:00:00,295.29132
2015-10-20 11:00:00,295.29132
2015-10-20 12:00:00,295.0637
2015-10-20 13:00:00,295.80917
2015-10-20 14:00:00,292.86694
2015-10-20 15:00:00,292.02216
2015-10-20 16:00:00,291.65857
2015-10-20 17:00:00,290.218
2015-10-20 18:00:00,289.7276
2015-10-20 19:00:00,289.72302
2015-10-20 20:00:00,288.2748
2015-10-20 21:00:00,287.6439
2015-10-20 22:00:00,286.9473
2015-10-20 23:00:00,286.64938
2015-10-21 00:00:00,286.1361
2015-10-21 01:00:00,285.9803
2015-10-21 02:00:00,286.60052
2015-10-21 03:00:00,286.518
2015-10-21 04:00:00,287.0191
2015-10-21 05:00:00,293.6659
2015-10-21 06:00:00,294.66193
2015-10-21 07:00:00,294.81622
2015-10-21 08:00:00,297.75845
2015-10-21 09:00:00,297.70807
2015-10-21 10:00:00,297.0038
2015-10-21 11:00:00,296.99768
2015-10-21 12:00:00,296.8266
2015-10-21 13:00:00,296.93353
2015-10-21 14:00:00,293.05026
2015-10-21 15:00:00,291.86172
2015-10-21 16:00:00,291.37442
2015-10-21 17:00:00,289.08295
2015-10-21 18:00:00,289.17307
2015-10-21 19:00:00,288.9195
2015-10-21 20:00:00,287.4896
2015-10-21 21:00:00,287.0084
2015-10-21 22:00:00,285.6549
2015-10-21 23:00:00,285.57394
2015-10-22 00:00:00,285.5495
2015-10-22 01:00:00,285.38297
2015-10-22 02:00:00,286.67844
2015-10-22 03:00:00,286.60052
2015-10-22 04:00:00,287.6882
2015-10-22 05:00:00,293.82172
2015-10-22 06:00:00,294.65735
2015-10-22 07:00:00,294.7704
2015-10-22 08:00:00,296.97784
2015-10-22 09:00:00,297.595
2015-10-22 10:00:00,296.93964
2015-10-22 11:00:00,296.75784
2015-10-22 12:00:00,296.8266
2015-10-22 13:00:00,297.00992
2015-10-22 14:00:00,293.9806
2015-10-22 15:00:00,292.38266
2015-10-22 16:00:00,291.97784
2015-10-22 17:00:00,289.47403
2015-10-22 18:00:00,288.98975
2015-10-22 19:00:00,288.75296
2015-10-22 20:00:00,287.24823
2015-10-22 21:00:00,287.1902
2015-10-22 22:00:00,286.44928
2015-10-22 23:00:00,286.47983
2015-10-23 00:00:00,286.4004
2015-10-23 01:00:00,286.32706
2015-10-23 02:00:00,287.44684
2015-10-23 03:00:00,287.22836
2015-10-23 04:00:00,288.35272
2015-10-23 05:00:00,294.38388
2015-10-23 06:00:00,294.97052
2015-10-23 07:00:00,295.01175
2015-10-23 08:00:00,297.73862
2015-10-23 09:00:00,297.82263
2015-10-23 10:00:00,296.85715
2015-10-23 11:00:00,296.71356
2015-10-23 12:00:00,296.54855
2015-10-23 13:00:00,297.3842
2015-10-23 14:00:00,293.35425
2015-10-23 15:00:00,291.84952
2015-10-23 16:00:00,291.52414
2015-10-23 17:00:00,289.77954
2015-10-23 18:00:00,289.9369
2015-10-23 19:00:00,289.25864
2015-10-23 20:00:00,289.30902
2015-10-23 21:00:00,288.4444
2015-10-23 22:00:00,287.6378
2015-10-23 23:00:00,288.78812
2015-10-24 00:00:00,287.56293
2015-10-24 01:00:00,287.30475
2015-10-24 02:00:00,288.08234
2015-10-24 03:00:00,287.6882
2015-10-24 04:00:00,287.20087
2015-10-24 05:00:00,289.3396
2015-10-24 06:00:00,289.7597
2015-10-24 07:00:00,289.56873
2015-10-24 08:00:00,290.88556
2015-10-24 09:00:00,290.62433
2015-10-24 10:00:00,289.80704
2015-10-24 11:00:00,289.69705
2015-10-24 12:00:00,289.4725
2015-10-24 13:00:00,289.24945
2015-10-24 14:00:00,288.19385
2015-10-24 15:00:00,287.69888
2015-10-24 16:00:00,287.54153
2015-10-24 17:00:00,286.41873
2015-10-24 18:00:00,286.05515
2015-10-24 19:00:00,286.03986
2015-10-24 20:00:00,285.27603
2015-10-24 21:00:00,285.28827
2015-10-24 22:00:00,284.68942
2015-10-24 23:00:00,284.60693
2015-10-25 00:00:00,284.7658
2015-10-25 01:00:00,284.98273
2015-10-25 02:00:00,285.51587
2015-10-25 03:00:00,285.50824
2015-10-25 04:00:00,285.22256
2015-10-25 05:00:00,286.12848
2015-10-25 06:00:00,286.23694
2015-10-25 07:00:00,286.7166
2015-10-25 08:00:00,286.9106
2015-10-25 09:00:00,287.4071
2015-10-25 10:00:00,286.6326
2015-10-25 11:00:00,286.78076
2015-10-25 12:00:00,286.87244
2015-10-25 13:00:00,286.5547
2015-10-25 14:00:00,285.9879
2015-10-25 15:00:00,285.79544
2015-10-25 16:00:00,285.70685
2015-10-25 17:00:00,285.63504
2015-10-25 18:00:00,285.61975
2015-10-25 19:00:00,285.5892
2015-10-25 20:00:00,285.22104
2015-10-25 21:00:00,285.14618
2015-10-25 22:00:00,285.23633
2015-10-25 23:00:00,285.10037
2015-10-26 00:00:00,285.19812
2015-10-26 01:00:00,285.20425
2015-10-26 02:00:00,285.45782
2015-10-26 03:00:00,285.3891
2015-10-26 04:00:00,284.97357
2015-10-26 05:00:00,286.51495
2015-10-26 06:00:00,286.4615
2015-10-26 07:00:00,286.32095
2015-10-26 08:00:00,286.28278
2015-10-26 09:00:00,285.9375
2015-10-26 10:00:00,288.12357
2015-10-26 11:00:00,288.51312
2015-10-26 12:00:00,288.89505
2015-10-26 13:00:00,288.3069
2015-10-26 14:00:00,287.88525
2015-10-26 15:00:00,285.66254
2015-10-26 16:00:00,285.75113
2015-10-26 17:00:00,285.34784
2015-10-26 18:00:00,285.40588
2015-10-26 19:00:00,285.24396
2015-10-26 20:00:00,285.04996
2015-10-26 21:00:00,284.07684
2015-10-26 22:00:00,283.10068
2015-10-26 23:00:00,282.96472
2015-10-27 00:00:00,282.84708
2015-10-27 01:00:00,282.53696
2015-10-27 02:00:00,283.17245
2015-10-27 03:00:00,283.3894
2015-10-27 04:00:00,283.8813
2015-10-27 05:00:00,290.34784
2015-10-27 06:00:00,291.23236
2015-10-27 07:00:00,291.50275
2015-10-27 08:00:00,293.55133
2015-10-27 09:00:00,293.6277
2015-10-27 10:00:00,291.40955
2015-10-27 11:00:00,291.50275
2015-10-27 12:00:00,291.53787
2015-10-27 13:00:00,291.42026
2015-10-27 14:00:00,288.72394
2015-10-27 15:00:00,288.38174
2015-10-27 16:00:00,288.60632
2015-10-27 17:00:00,286.32248
2015-10-27 18:00:00,285.87183
2015-10-27 19:00:00,285.67935
2015-10-27 20:00:00,284.25864
2015-10-27 21:00:00,283.45355
2015-10-27 22:00:00,283.47952
2015-10-27 23:00:00,283.02124
2015-10-28 00:00:00,283.19537
2015-10-28 01:00:00,283.07166
2015-10-28 02:00:00,283.8156
2015-10-28 03:00:00,283.6445
2015-10-28 04:00:00,285.7435
2015-10-28 05:00:00,291.92896
2015-10-28 06:00:00,292.8822
2015-10-28 07:00:00,292.89444
2015-10-28 08:00:00,293.61243
2015-10-28 09:00:00,295.72058
2015-10-28 10:00:00,295.2241
2015-10-28 11:00:00,295.52045
2015-10-28 12:00:00,296.3515
2015-10-28 13:00:00,295.48837
2015-10-28 14:00:00,291.78076
2015-10-28 15:00:00,291.3393
2015-10-28 16:00:00,289.9812
2015-10-28 17:00:00,288.2458
2015-10-28 18:00:00,288.1083
2015-10-28 19:00:00,287.4224
2015-10-28 20:00:00,287.1749
2015-10-28 21:00:00,286.0246
2015-10-28 22:00:00,285.08966
2015-10-28 23:00:00,285.1523
2015-10-29 00:00:00,284.82385
2015-10-29 01:00:00,284.833
2015-10-29 02:00:00,285.71143
2015-10-29 03:00:00,285.55865
2015-10-29 04:00:00,286.06583
2015-10-29 05:00:00,292.31546
2015-10-29 06:00:00,292.59348
2015-10-29 07:00:00,292.62555
2015-10-29 08:00:00,295.42422
2015-10-29 09:00:00,295.247
2015-10-29 10:00:00,293.39856
2015-10-29 11:00:00,293.60022
2015-10-29 12:00:00,294.0142
2015-10-29 13:00:00,294.02948
2015-10-29 14:00:00,290.26382
2015-10-29 15:00:00,289.60846
2015-10-29 16:00:00,289.74136
2015-10-29 17:00:00,287.99374
2015-10-29 18:00:00,288.15414
2015-10-29 19:00:00,287.94943
2015-10-29 20:00:00,286.35608
2015-10-29 21:00:00,286.34387
2015-10-29 22:00:00,284.61456
2015-10-29 23:00:00,284.18683
2015-10-30 00:00:00,283.8049
2015-10-30 01:00:00,283.50244
2015-10-30 02:00:00,284.43124
2015-10-30 03:00:00,284.87427
2015-10-30 04:00:00,286.18195
2015-10-30 05:00:00,292.0038
2015-10-30 06:00:00,292.31393
2015-10-30 07:00:00,292.24365
2015-10-30 08:00:00,294.5764
2015-10-30 09:00:00,294.53207
2015-10-30 10:00:00,292.98303
2015-10-30 11:00:00,293.08386
2015-10-30 12:00:00,293.07315
2015-10-30 13:00:00,293.73465
2015-10-30 14:00:00,289.60846
2015-10-30 15:00:00,288.3298
2015-10-30 16:00:00,288.9745
2015-10-30 17:00:00,289.13336
2015-10-30 18:00:00,288.14648
2015-10-30 19:00:00,287.7218
2015-10-30 20:00:00,286.95645
2015-10-30 21:00:00,286.5272
2015-10-30 22:00:00,284.94455
2015-10-30 23:00:00,284.87274
2015-10-31 00:00:00,284.93997
2015-10-31 01:00:00,284.72607
2015-10-31 02:00:00,285.61365
2015-10-31 03:00:00,285.15994
2015-10-31 04:00:00,285.16147
2015-10-31 05:00:00,292.25128
2015-10-31 06:00:00,292.8547
2015-10-31 07:00:00,292.7493
2015-10-31 08:00:00,295.36618
2015-10-31 09:00:00,295.4181
2015-10-31 10:00:00,294.19598
2015-10-31 11:00:00,294.11807
2015-10-31 12:00:00,293.58646
2015-10-31 13:00:00,294.17
2015-10-31 14:00:00,291.0368
2015-10-31 15:00:00,289.82843
2015-10-31 16:00:00,290.23022
2015-10-31 17:00:00,288.85226
2015-10-31 18:00:00,288.65826
2015-10-31 19:00:00,288.5223
2015-10-31 20:00:00,288.26108
2015-10-31 21:00:00,287.13214
2015-10-31 22:00:00,285.77863
2015-10-31 23:00:00,285.61212
2015-11-01 00:00:00,285.467
2015-11-01 01:00:00,285.17676
2015-11-01 02:00:00,286.1789
2015-11-01 03:00:00,285.85043
2015-11-01 04:00:00,285.8978
2015-11-01 05:00:00,291.55927
2015-11-01 06:00:00,291.95187
2015-11-01 07:00:00,292.22073
2015-11-01 08:00:00,294.92773
2015-11-01 09:00:00,294.9369
2015-11-01 10:00:00,294.12112
2015-11-01 11:00:00,294.2968
2015-11-01 12:00:00,293.58035
2015-11-01 13:00:00,294.38235
2015-11-01 14:00:00,291.80673
2015-11-01 15:00:00,291.6723
2015-11-01 16:00:00,291.14374
2015-11-01 17:00:00,289.70316
2015-11-01 18:00:00,289.87274
2015-11-01 19:00:00,290.0866
2015-11-01 20:00:00,288.95004
2015-11-01 21:00:00,288.76367
2015-11-01 22:00:00,287.95706
2015-11-01 23:00:00,288.1633
2015-11-02 00:00:00,288.39856
2015-11-02 01:00:00,288.53757
2015-11-02 02:00:00,288.96686
2015-11-02 03:00:00,288.77893
2015-11-02 04:00:00,288.3726
2015-11-02 05:00:00,292.27115
2015-11-02 06:00:00,292.57822
2015-11-02 07:00:00,292.59195
2015-11-02 08:00:00,293.79575
2015-11-02 09:00:00,294.01877
2015-11-02 10:00:00,293.14954
2015-11-02 11:00:00,293.21982
2015-11-02 12:00:00,293.06552
2015-11-02 13:00:00,293.48105
2015-11-02 14:00:00,291.97174
2015-11-02 15:00:00,291.66467
2015-11-02 16:00:00,291.53482
2015-11-02 17:00:00,290.5739
2015-11-02 18:00:00,290.218
2015-11-02 19:00:00,289.7276
2015-11-02 20:00:00,288.74075
2015-11-02 21:00:00,288.73465
2015-11-02 22:00:00,288.8095
2015-11-02 23:00:00,288.64297
2015-11-03 00:00:00,288.339
2015-11-03 01:00:00,288.76062
2015-11-03 02:00:00,288.8263
2015-11-03 03:00:00,287.94485
2015-11-03 04:00:00,287.13977
2015-11-03 05:00:00,289.11197
2015-11-03 06:00:00,289.7597
2015-11-03 07:00:00,290.3081
2015-11-03 08:00:00,292.58585
2015-11-03 09:00:00,291.96408
2015-11-03 10:00:00,291.03223
2015-11-03 11:00:00,291.22623
2015-11-03 12:00:00,291.4783
2015-11-03 13:00:00,291.22623
2015-11-03 14:00:00,289.80856
2015-11-03 15:00:00,288.837
2015-11-03 16:00:00,288.48105
2015-11-03 17:00:00,287.94333
2015-11-03 18:00:00,287.93872
2015-11-03 19:00:00,287.5492
2015-11-03 20:00:00,287.26962
2015-11-03 21:00:00,287.24823
2015-11-03 22:00:00,286.67844
2015-11-03 23:00:00,286.79147
2015-11-04 00:00:00,286.51956
2015-11-04 01:00:00,286.36374
2015-11-04 02:00:00,285.7099
2015-11-04 03:00:00,285.70532
2015-11-04 04:00:00,285.6335
2015-11-04 05:00:00,285.44867
2015-11-04 06:00:00,285.302
2015-11-04 07:00:00,285.29285
2015-11-04 08:00:00,286.60052
2015-11-04 09:00:00,286.63107
2015-11-04 10:00:00,286.1361
2015-11-04 11:00:00,286.55774
2015-11-04 12:00:00,286.46915
2015-11-04 13:00:00,286.4065
2015-11-04 14:00:00,285.65186
2015-11-04 15:00:00,285.63962
2015-11-04 16:00:00,285.59378
2015-11-04 17:00:00,285.22104
2015-11-04 18:00:00,284.95523
2015-11-04 19:00:00,285.07593
2015-11-04 20:00:00,284.9476
2015-11-04 21:00:00,284.85745
2015-11-04 22:00:00,283.71936
2015-11-04 23:00:00,283.70102
2015-11-05 00:00:00,283.3344
2015-11-05 01:00:00,283.3344
2015-11-05 02:00:00,284.02185
2015-11-05 03:00:00,283.93323
2015-11-05 04:00:00,283.7041
2015-11-05 05:00:00,286.6601
2015-11-05 06:00:00,287.21158
2015-11-05 07:00:00,287.61334
2015-11-05 08:00:00,288.96378
2015-11-05 09:00:00,289.56873
2015-11-05 10:00:00,288.5498
2015-11-05 11:00:00,288.6888
2015-11-05 12:00:00,289.07684
2015-11-05 13:00:00,290.0912
2015-11-05 14:00:00,288.25342
2015-11-05 15:00:00,287.4621
2015-11-05 16:00:00,287.3674
2015-11-05 17:00:00,286.2522
2015-11-05 18:00:00,285.7878
2015-11-05 19:00:00,285.61212
2015-11-05 20:00:00,284.66956
2015-11-05 21:00:00,284.40985
2015-11-05 22:00:00,284.30905
2015-11-05 23:00:00,284.11502
2015-11-06 00:00:00,283.19385
2015-11-06 01:00:00,283.119
2015-11-06 02:00:00,283.3023
2015-11-06 03:00:00,282.4667
2015-11-06 04:00:00,282.6225
2015-11-06 05:00:00,288.22897
2015-11-06 06:00:00,288.98212
2015-11-06 07:00:00,289.24792
2015-11-06 08:00:00,291.8144
2015-11-06 09:00:00,291.9473
2015-11-06 10:00:00,291.27817
2015-11-06 11:00:00,291.51343
2015-11-06 12:00:00,291.93048
2015-11-06 13:00:00,292.62097
2015-11-06 14:00:00,290.24854
2015-11-06 15:00:00,289.4175
2015-11-06 16:00:00,288.8492
2015-11-06 17:00:00,286.99005
2015-11-06 18:00:00,286.49817
2015-11-06 19:00:00,286.00168
2015-11-06 20:00:00,284.89108
2015-11-06 21:00:00,284.48776
2015-11-06 22:00:00,283.52383
2015-11-06 23:00:00,283.14343
2015-11-07 00:00:00,283.02277
2015-11-07 01:00:00,282.925
2015-11-07 02:00:00,283.41537
2015-11-07 03:00:00,282.76
2015-11-07 04:00:00,282.4667
2015-11-07 05:00:00,288.29468
2015-11-07 06:00:00,290.108
2015-11-07 07:00:00,290.88556
2015-11-07 08:00:00,292.43918
2015-11-07 09:00:00,292.37808
2015-11-07 10:00:00,292.2131
2015-11-07 11:00:00,292.1413
2015-11-07 12:00:00,292.79056
2015-11-07 13:00:00,293.03955
2015-11-07 14:00:00,290.855
2015-11-07 15:00:00,290.51892
2015-11-07 16:00:00,289.9308
2015-11-07 17:00:00,288.03955
2015-11-07 18:00:00,287.53238
2015-11-07 19:00:00,287.00687
2015-11-07 20:00:00,285.62128
2015-11-07 21:00:00,285.18744
2015-11-07 22:00:00,284.01724
2015-11-07 23:00:00,283.727
2015-11-08 00:00:00,283.4352
2015-11-08 01:00:00,283.25342
2015-11-08 02:00:00,283.38174
2015-11-08 03:00:00,283.12817
2015-11-08 04:00:00,283.46118
2015-11-08 05:00:00,289.79788
2015-11-08 06:00:00,290.95737
2015-11-08 07:00:00,290.9467
2015-11-08 08:00:00,292.89597
2015-11-08 09:00:00,292.83945
2015-11-08 10:00:00,292.21616
2015-11-08 11:00:00,292.2467
2015-11-08 12:00:00,292.51862
2015-11-08 13:00:00,293.32828
2015-11-08 14:00:00,292.6042
2015-11-08 15:00:00,288.35272
2015-11-08 16:00:00,288.8263
2015-11-08 17:00:00,288.58188
2015-11-08 18:00:00,287.82874
2015-11-08 19:00:00,287.62863
2015-11-08 20:00:00,286.60052
2015-11-08 21:00:00,286.36526
2015-11-08 22:00:00,284.06155
2015-11-08 23:00:00,283.78354
2015-11-09 00:00:00,283.94394
2015-11-09 01:00:00,284.4893
2015-11-09 02:00:00,285.7649
2015-11-09 03:00:00,284.9369
2015-11-09 04:00:00,284.19446
2015-11-09 05:00:00,286.25372
2015-11-09 06:00:00,286.35913
2015-11-09 07:00:00,286.59286
2015-11-09 08:00:00,288.03802
2015-11-09 09:00:00,287.6882
2015-11-09 10:00:00,287.3399
2015-11-09 11:00:00,287.4346
2015-11-09 12:00:00,287.4438
2015-11-09 13:00:00,287.3567
2015-11-09 14:00:00,286.0704
2015-11-09 15:00:00,285.66254
2015-11-09 16:00:00,285.70532
2015-11-09 17:00:00,284.6054
2015-11-09 18:00:00,284.10434
2015-11-09 19:00:00,283.98822
2015-11-09 20:00:00,283.42606
2015-11-09 21:00:00,282.98914
2015-11-09 22:00:00,283.93936
2015-11-09 23:00:00,283.93936
2015-11-10 00:00:00,283.78046
2015-11-10 01:00:00,283.74228
2015-11-10 02:00:00,284.25098
2015-11-10 03:00:00,284.5489
2015-11-10 04:00:00,284.96594
2015-11-10 05:00:00,287.62863
2015-11-10 06:00:00,287.97845
2015-11-10 07:00:00,288.27634
2015-11-10 08:00:00,289.2128
2015-11-10 09:00:00,289.15933
2015-11-10 10:00:00,288.27023
2015-11-10 11:00:00,288.12665
2015-11-10 12:00:00,288.5834
2015-11-10 13:00:00,288.87518
2015-11-10 14:00:00,288.4948
2015-11-10 15:00:00,285.92987
2015-11-10 16:00:00,285.6824
2015-11-10 17:00:00,285.3341
2015-11-10 18:00:00,285.24243
2015-11-10 19:00:00,284.99496
2015-11-10 20:00:00,284.44043
2015-11-10 21:00:00,282.73862
2015-11-10 22:00:00,284.35028
2015-11-10 23:00:00,284.22043
2015-11-11 00:00:00,283.73618
2015-11-11 01:00:00,283.5391
2015-11-11 02:00:00,283.89505
2015-11-11 03:00:00,283.76978
2015-11-11 04:00:00,283.29163
2015-11-11 05:00:00,286.5898
2015-11-11 06:00:00,287.99985
2015-11-11 07:00:00,288.0151
2015-11-11 08:00:00,289.83453
2015-11-11 09:00:00,289.9598
2015-11-11 10:00:00,289.4847
2015-11-11 11:00:00,289.59317
2015-11-11 12:00:00,290.45935
2015-11-11 13:00:00,290.60754
2015-11-11 14:00:00,290.5495
2015-11-11 15:00:00,287.67905
2015-11-11 16:00:00,287.41168
2015-11-11 17:00:00,286.81287
2015-11-11 18:00:00,286.74716
2015-11-11 19:00:00,286.63107
2015-11-11 20:00:00,285.7603
2015-11-11 21:00:00,284.46027
2015-11-11 22:00:00,284.01266
2015-11-11 23:00:00,283.65216
2015-11-12 00:00:00,283.70715
2015-11-12 01:00:00,283.59256
2015-11-12 02:00:00,284.93536
2015-11-12 03:00:00,283.7377
2015-11-12 04:00:00,283.35577
2015-11-12 05:00:00,288.55438
2015-11-12 06:00:00,289.49542
2015-11-12 07:00:00,288.85684
2015-11-12 08:00:00,289.53818
2015-11-12 09:00:00,289.82385
2015-11-12 10:00:00,287.7004
2015-11-12 11:00:00,287.48807
2015-11-12 12:00:00,287.5996
2015-11-12 13:00:00,287.79514
2015-11-12 14:00:00,287.68362
2015-11-12 15:00:00,285.80002
2015-11-12 16:00:00,286.1193
2015-11-12 17:00:00,285.72363
2015-11-12 18:00:00,285.5174
2015-11-12 19:00:00,285.42422
2015-11-12 20:00:00,284.9369
2015-11-12 21:00:00,284.6115
2015-11-12 22:00:00,284.31516
2015-11-12 23:00:00,284.21738
2015-11-13 00:00:00,284.18225
2015-11-13 01:00:00,284.13794
2015-11-13 02:00:00,283.86298
2015-11-13 03:00:00,286.82202
2015-11-13 04:00:00,287.33533
2015-11-13 05:00:00,288.16025
2015-11-13 06:00:00,288.26566
2015-11-13 07:00:00,288.44897
2015-11-13 08:00:00,289.06003
2015-11-13 09:00:00,290.0301
2015-11-13 10:00:00,290.2027
2015-11-13 11:00:00,290.4349
2015-11-13 12:00:00,290.79086
2015-11-13 13:00:00,291.4401
2015-11-13 14:00:00,289.11807
2015-11-13 15:00:00,289.4572
2015-11-13 16:00:00,289.17
2015-11-13 17:00:00,287.84555
2015-11-13 18:00:00,287.27267
2015-11-13 19:00:00,287.1688
2015-11-13 20:00:00,285.5067
2015-11-13 21:00:00,285.1202
2015-11-13 22:00:00,284.67108
2015-11-13 23:00:00,284.39764
2015-11-14 00:00:00,284.13184
2015-11-14 01:00:00,283.66437
2015-11-14 02:00:00,283.89352
2015-11-14 03:00:00,284.01572
2015-11-14 04:00:00,283.58493
2015-11-14 05:00:00,290.03314
2015-11-14 06:00:00,290.49603
2015-11-14 07:00:00,290.81683
2015-11-14 08:00:00,293.54367
2015-11-14 09:00:00,293.72546
2015-11-14 10:00:00,292.60114
2015-11-14 11:00:00,292.7432
2015-11-14 12:00:00,293.6231
2015-11-14 13:00:00,293.24274
2015-11-14 14:00:00,289.93384
2015-11-14 15:00:00,288.7927
2015-11-14 16:00:00,287.85776
2015-11-14 17:00:00,286.24915
2015-11-14 18:00:00,285.80154
2015-11-14 19:00:00,285.51434
2015-11-14 20:00:00,284.28308
2015-11-14 21:00:00,283.96686
2015-11-14 22:00:00,282.61792
2015-11-14 23:00:00,282.8486
2015-11-15 00:00:00,282.66986
2015-11-15 01:00:00,282.53085
2015-11-15 02:00:00,283.07776
2015-11-15 03:00:00,282.77527
2015-11-15 04:00:00,283.1358
2015-11-15 05:00:00,289.18378
2015-11-15 06:00:00,289.7093
2015-11-15 07:00:00,289.94608
2015-11-15 08:00:00,292.47586
2015-11-15 09:00:00,292.85013
2015-11-15 10:00:00,291.31638
2015-11-15 11:00:00,291.69064
2015-11-15 12:00:00,292.87915
2015-11-15 13:00:00,292.48044
2015-11-15 14:00:00,289.99188
2015-11-15 15:00:00,288.44897
2015-11-15 16:00:00,288.05942
2015-11-15 17:00:00,286.33316
2015-11-15 18:00:00,286.12234
2015-11-15 19:00:00,285.61365
2015-11-15 20:00:00,284.1242
2015-11-15 21:00:00,283.77588
2015-11-15 22:00:00,283.08234
2015-11-15 23:00:00,283.05637
2015-11-16 00:00:00,283.1144
2015-11-16 01:00:00,282.75082
2015-11-16 02:00:00,282.7432
2015-11-16 03:00:00,282.13672
2015-11-16 04:00:00,282.22684
2015-11-16 05:00:00,289.5947
2015-11-16 06:00:00,290.21494
2015-11-16 07:00:00,290.38754
2015-11-16 08:00:00,293.19385
2015-11-16 09:00:00,293.34662
2015-11-16 10:00:00,291.81592
2015-11-16 11:00:00,292.31085
2015-11-16 12:00:00,293.4016
2015-11-16 13:00:00,293.35577
2015-11-16 14:00:00,291.01083
2015-11-16 15:00:00,289.43124
2015-11-16 16:00:00,288.2061
2015-11-16 17:00:00,286.08875
2015-11-16 18:00:00,284.8987
2015-11-16 19:00:00,284.5764
2015-11-16 20:00:00,283.22748
2015-11-16 21:00:00,283.09763
2015-11-16 22:00:00,281.47678
2015-11-16 23:00:00,281.379
2015-11-17 00:00:00,281.43704
2015-11-17 01:00:00,281.37595
2015-11-17 02:00:00,281.6876
2015-11-17 03:00:00,281.38205
2015-11-17 04:00:00,280.88098
2015-11-17 05:00:00,288.37717
2015-11-17 06:00:00,289.88956
2015-11-17 07:00:00,290.67935
2015-11-17 08:00:00,293.90726
2015-11-17 09:00:00,293.86755
2015-11-17 10:00:00,292.32156
2015-11-17 11:00:00,292.67902
2015-11-17 12:00:00,292.9922
2015-11-17 13:00:00,292.1902
2015-11-17 14:00:00,289.4343
2015-11-17 15:00:00,288.03192
2015-11-17 16:00:00,287.40253
2015-11-17 17:00:00,285.31577
2015-11-17 18:00:00,284.7383
2015-11-17 19:00:00,284.30292
2015-11-17 20:00:00,283.9592
2015-11-17 21:00:00,281.99005
2015-11-17 22:00:00,281.06583
2015-11-17 23:00:00,280.94974
2015-11-18 00:00:00,280.80615
2015-11-18 01:00:00,280.65796
2015-11-18 02:00:00,280.67477
2015-11-18 03:00:00,280.65338
2015-11-18 04:00:00,281.4294
2015-11-18 05:00:00,289.30597
2015-11-18 06:00:00,290.3112
2015-11-18 07:00:00,290.7588
2015-11-18 08:00:00,294.2586
2015-11-18 09:00:00,294.42972
2015-11-18 10:00:00,292.74472
2015-11-18 11:00:00,292.40558
2015-11-18 12:00:00,292.83636
2015-11-18 13:00:00,292.6439
2015-11-18 14:00:00,289.61914
2015-11-18 15:00:00,288.64603
2015-11-18 16:00:00,288.07928
2015-11-18 17:00:00,286.18805
2015-11-18 18:00:00,285.43185
2015-11-18 19:00:00,284.60693
2015-11-18 20:00:00,283.61395
2015-11-18 21:00:00,283.5681
2015-11-18 22:00:00,282.511
2015-11-18 23:00:00,282.39185
2015-11-19 00:00:00,282.32767
2015-11-19 01:00:00,281.90756
2015-11-19 02:00:00,282.09088
2015-11-19 03:00:00,282.55988
2015-11-19 04:00:00,284.12573
2015-11-19 05:00:00,289.31516
2015-11-19 06:00:00,292.68515
2015-11-19 07:00:00,293.48563
2015-11-19 08:00:00,293.72546
2015-11-19 09:00:00,293.39856
2015-11-19 10:00:00,291.9687
2015-11-19 11:00:00,291.60358
2015-11-19 12:00:00,291.75174
2015-11-19 13:00:00,291.83575
2015-11-19 14:00:00,289.14557
2015-11-19 15:00:00,288.284
2015-11-19 16:00:00,288.38788
2015-11-19 17:00:00,286.82507
2015-11-19 18:00:00,286.59286
2015-11-19 19:00:00,286.27512
2015-11-19 20:00:00,284.90482
2015-11-19 21:00:00,284.4129
2015-11-19 22:00:00,283.27634
2015-11-19 23:00:00,283.1205
2015-11-20 00:00:00,282.92957
2015-11-20 01:00:00,282.50946
2015-11-20 02:00:00,282.8547
2015-11-20 03:00:00,283.0029
2015-11-20 04:00:00,282.83792
2015-11-20 05:00:00,288.94394
2015-11-20 06:00:00,290.09576
2015-11-20 07:00:00,290.16605
2015-11-20 08:00:00,292.8761
2015-11-20 09:00:00,292.96164
2015-11-20 10:00:00,291.185
2015-11-20 11:00:00,291.53024
2015-11-20 12:00:00,291.57608
2015-11-20 13:00:00,291.50275
2015-11-20 14:00:00,289.1074
2015-11-20 15:00:00,287.95248
2015-11-20 16:00:00,287.98608
2015-11-20 17:00:00,286.1071
2015-11-20 18:00:00,285.69766
2015-11-20 19:00:00,285.302
2015-11-20 20:00:00,283.75757
2015-11-20 21:00:00,283.5956
2015-11-20 22:00:00,282.19476
2015-11-20 23:00:00,281.95493
2015-11-21 00:00:00,281.87396
2015-11-21 01:00:00,281.6723
2015-11-21 02:00:00,281.60205
2015-11-21 03:00:00,283.74228
2015-11-21 04:00:00,287.48807
2015-11-21 05:00:00,288.11136
2015-11-21 06:00:00,289.6268
2015-11-21 07:00:00,290.0912
2015-11-21 08:00:00,293.4413
2015-11-21 09:00:00,293.4016
2015-11-21 10:00:00,292.34753
2015-11-21 11:00:00,292.25433
2015-11-21 12:00:00,292.34753
2015-11-21 13:00:00,292.12604
2015-11-21 14:00:00,288.4627
2015-11-21 15:00:00,287.78137
2015-11-21 16:00:00,287.65613
2015-11-21 17:00:00,285.92224
2015-11-21 18:00:00,285.5067
2015-11-21 19:00:00,285.01328
2015-11-21 20:00:00,283.47647
2015-11-21 21:00:00,283.23663
2015-11-21 22:00:00,282.28644
2015-11-21 23:00:00,282.25128
2015-11-22 00:00:00,282.2834
2015-11-22 01:00:00,282.29102
2015-11-22 02:00:00,282.66528
2015-11-22 03:00:00,282.40253
2015-11-22 04:00:00,282.96472
2015-11-22 05:00:00,287.2192
2015-11-22 06:00:00,288.32217
2015-11-22 07:00:00,288.35425
2015-11-22 08:00:00,291.19568
2015-11-22 09:00:00,291.83118
2015-11-22 10:00:00,290.86572
2015-11-22 11:00:00,291.02155
2015-11-22 12:00:00,291.1132
2015-11-22 13:00:00,291.15903
2015-11-22 14:00:00,288.39398
2015-11-22 15:00:00,287.097
2015-11-22 16:00:00,286.75635
2015-11-22 17:00:00,284.91858
2015-11-22 18:00:00,284.35333
2015-11-22 19:00:00,283.7652
2015-11-22 20:00:00,283.02582
2015-11-22 21:00:00,282.55835
2015-11-22 22:00:00,281.0582
2015-11-22 23:00:00,280.61823
2015-11-23 00:00:00,280.16147
2015-11-23 01:00:00,280.14008
2015-11-23 02:00:00,279.9094
2015-11-23 03:00:00,281.11624
2015-11-23 04:00:00,282.45142
2015-11-23 05:00:00,287.63016
2015-11-23 06:00:00,288.33133
2015-11-23 07:00:00,288.64908
2015-11-23 08:00:00,290.1477
2015-11-23 09:00:00,290.48074
2015-11-23 10:00:00,288.9699
2015-11-23 11:00:00,289.61
2015-11-23 12:00:00,290.88556
2015-11-23 13:00:00,290.5953
2015-11-23 14:00:00,288.66132
2015-11-23 15:00:00,287.38266
2015-11-23 16:00:00,287.0863
2015-11-23 17:00:00,284.92316
2015-11-23 18:00:00,284.51068
2015-11-23 19:00:00,283.58188
2015-11-23 20:00:00,282.42087
2015-11-23 21:00:00,281.72272
2015-11-23 22:00:00,281.01083
2015-11-23 23:00:00,280.96042
2015-11-24 00:00:00,280.7603
2015-11-24 01:00:00,280.56323
2015-11-24 02:00:00,280.28217
2015-11-24 03:00:00,280.9253
2015-11-24 04:00:00,283.39703
2015-11-24 05:00:00,288.02734
2015-11-24 06:00:00,289.0646
2015-11-24 07:00:00,289.14252
2015-11-24 08:00:00,290.88403
2015-11-24 09:00:00,291.8923
2015-11-24 10:00:00,289.90482
2015-11-24 11:00:00,290.13702
2015-11-24 12:00:00,290.43948
2015-11-24 13:00:00,291.0704
2015-11-24 14:00:00,288.35425
2015-11-24 15:00:00,288.0029
2015-11-24 16:00:00,288.1969
2015-11-24 17:00:00,286.02765
2015-11-24 18:00:00,285.56476
2015-11-24 19:00:00,285.3799
2015-11-24 20:00:00,284.3121
2015-11-24 21:00:00,283.26413
2015-11-24 22:00:00,282.1245
2015-11-24 23:00:00,281.87854
2015-11-25 00:00:00,281.76245
2015-11-25 01:00:00,281.62802
2015-11-25 02:00:00,282.24823
2015-11-25 03:00:00,281.932
2015-11-25 04:00:00,281.98547
2015-11-25 05:00:00,285.6946
2015-11-25 06:00:00,286.31332
2015-11-25 07:00:00,287.02826
2015-11-25 08:00:00,289.30902
2015-11-25 09:00:00,289.4557
2015-11-25 10:00:00,288.69797
2015-11-25 11:00:00,289.51678
2015-11-25 12:00:00,289.6176
2015-11-25 13:00:00,289.54736
2015-11-25 14:00:00,287.31546
2015-11-25 15:00:00,287.59195
2015-11-25 16:00:00,288.03345
2015-11-25 17:00:00,287.7768
2015-11-25 18:00:00,287.84097
2015-11-25 19:00:00,287.5614
2015-11-25 20:00:00,286.30414
2015-11-25 21:00:00,285.70532
2015-11-25 22:00:00,284.23877
2015-11-25 23:00:00,284.39154
2015-11-26 00:00:00,284.73068
2015-11-26 01:00:00,284.7719
2015-11-26 02:00:00,285.17215
2015-11-26 03:00:00,284.086
2015-11-26 04:00:00,283.65216
2015-11-26 05:00:00,287.29712
2015-11-26 06:00:00,287.66986
2015-11-26 07:00:00,288.19843
2015-11-26 08:00:00,291.11624
2015-11-26 09:00:00,291.15137
2015-11-26 10:00:00,289.2617
2015-11-26 11:00:00,289.51373
2015-11-26 12:00:00,290.47464
2015-11-26 13:00:00,290.78015
2015-11-26 14:00:00,287.3017
2015-11-26 15:00:00,286.55774
2015-11-26 16:00:00,286.32858
2015-11-26 17:00:00,283.8538
2015-11-26 18:00:00,283.36954
2015-11-26 19:00:00,283.06247
2015-11-26 20:00:00,281.9702
2015-11-26 21:00:00,281.6326
2015-11-26 22:00:00,281.23083
2015-11-26 23:00:00,281.17584
2015-11-27 00:00:00,281.2904
2015-11-27 01:00:00,280.9971
2015-11-27 02:00:00,280.4227
2015-11-27 03:00:00,280.1905
2015-11-27 04:00:00,279.65277
2015-11-27 05:00:00,286.44318
2015-11-27 06:00:00,287.3796
2015-11-27 07:00:00,287.52475
2015-11-27 08:00:00,290.9314
2015-11-27 09:00:00,291.1789
2015-11-27 10:00:00,289.21738
2015-11-27 11:00:00,289.3946
2015-11-27 12:00:00,289.49542
2015-11-27 13:00:00,289.84372
2015-11-27 14:00:00,285.04077
2015-11-27 15:00:00,285.12173
2015-11-27 16:00:00,285.46393
2015-11-27 17:00:00,283.76062
2015-11-27 18:00:00,283.5987
2015-11-27 19:00:00,283.78964
2015-11-27 20:00:00,282.71875
2015-11-27 21:00:00,282.81195
2015-11-27 22:00:00,281.8098
2015-11-27 23:00:00,281.52567
2015-11-28 00:00:00,281.2965
2015-11-28 01:00:00,281.19568
2015-11-28 02:00:00,281.26596
2015-11-28 03:00:00,281.41568
2015-11-28 04:00:00,281.3026
2015-11-28 05:00:00,287.59808
2015-11-28 06:00:00,288.58646
2015-11-28 07:00:00,288.79422
2015-11-28 08:00:00,292.79514
2015-11-28 09:00:00,292.80582
2015-11-28 10:00:00,290.92987
2015-11-28 11:00:00,291.06583
2015-11-28 12:00:00,291.7166
2015-11-28 13:00:00,291.43246
2015-11-28 14:00:00,287.94943
2015-11-28 15:00:00,287.81195
2015-11-28 16:00:00,287.39948
2015-11-28 17:00:00,284.6329
2015-11-28 18:00:00,284.2968
2015-11-28 19:00:00,284.09668
2015-11-28 20:00:00,282.9372
2015-11-28 21:00:00,282.52628
2015-11-28 22:00:00,281.4997
2015-11-28 23:00:00,281.3622
2015-11-29 00:00:00,281.29346
2015-11-29 01:00:00,281.10098
2015-11-29 02:00:00,281.8709
2015-11-29 03:00:00,281.64786
2015-11-29 04:00:00,281.50275
2015-11-29 05:00:00,287.8486
2015-11-29 06:00:00,289.1639
2015-11-29 07:00:00,290.04688
2015-11-29 08:00:00,292.7707
2015-11-29 09:00:00,292.44684
2015-11-29 10:00:00,290.7985
2015-11-29 11:00:00,290.9971
2015-11-29 12:00:00,291.66925
2015-11-29 13:00:00,291.57913
2015-11-29 14:00:00,288.44897
2015-11-29 15:00:00,287.31088
2015-11-29 16:00:00,286.434
2015-11-29 17:00:00,284.9201
2015-11-29 18:00:00,284.60083
2015-11-29 19:00:00,284.22348
2015-11-29 20:00:00,283.16025
2015-11-29 21:00:00,282.8929
2015-11-29 22:00:00,282.16574
2015-11-29 23:00:00,282.0863
2015-11-30 00:00:00,282.07562
2015-11-30 01:00:00,282.07867
2015-11-30 02:00:00,282.5492
2015-11-30 03:00:00,282.262
2015-11-30 04:00:00,282.22073
2015-11-30 05:00:00,288.28552
2015-11-30 06:00:00,289.81317
2015-11-30 07:00:00,290.13092
2015-11-30 08:00:00,293.40924
2015-11-30 09:00:00,293.57883
2015-11-30 10:00:00,291.63565
2015-11-30 11:00:00,292.0084
2015-11-30 12:00:00,292.95096
2015-11-30 13:00:00,293.76215
2015-11-30 14:00:00,289.27695
2015-11-30 15:00:00,288.66132
2015-11-30 16:00:00,288.0304
2015-11-30 17:00:00,286.00168
2015-11-30 18:00:00,285.20578
2015-11-30 19:00:00,284.82233
2015-11-30 20:00:00,282.99832
2015-11-30 21:00:00,282.60114
2015-11-30 22:00:00,281.00778
2015-11-30 23:00:00,280.81378
2015-12-01 00:00:00,280.8764
2015-12-01 01:00:00,280.57242
2015-12-01 02:00:00,280.40436
2015-12-01 03:00:00,280.3127
2015-12-01 04:00:00,280.5984
2015-12-01 05:00:00,287.97845
2015-12-01 06:00:00,289.02185
2015-12-01 07:00:00,289.36862
2015-12-01 08:00:00,292.66223
2015-12-01 09:00:00,292.81195
2015-12-01 10:00:00,290.8428
2015-12-01 11:00:00,290.68546
2015-12-01 12:00:00,290.46545
2015-12-01 13:00:00,289.94302
2015-12-01 14:00:00,287.04965
2015-12-01 15:00:00,286.71814
2015-12-01 16:00:00,286.35913
2015-12-01 17:00:00,284.694
2015-12-01 18:00:00,284.5397
2015-12-01 19:00:00,284.0081
2015-12-01 20:00:00,282.6332
2015-12-01 21:00:00,282.46823
2015-12-01 22:00:00,281.13306
2015-12-01 23:00:00,280.83517
2015-12-02 00:00:00,280.8428
2015-12-02 01:00:00,280.60144
2015-12-02 02:00:00,280.59073
2015-12-02 03:00:00,280.64572
2015-12-02 04:00:00,280.9314
2015-12-02 05:00:00,286.9412
2015-12-02 06:00:00,288.5895
2015-12-02 07:00:00,289.04935
2015-12-02 08:00:00,292.9937
2015-12-02 09:00:00,293.20914
2015-12-02 10:00:00,290.23022
2015-12-02 11:00:00,290.34937
2015-12-02 12:00:00,290.69308
2015-12-02 13:00:00,290.61365
2015-12-02 14:00:00,287.1978
2015-12-02 15:00:00,285.86267
2015-12-02 16:00:00,286.38818
2015-12-02 17:00:00,284.7872
2015-12-02 18:00:00,284.07684
2015-12-02 19:00:00,283.79117
2015-12-02 20:00:00,282.48654
2015-12-02 21:00:00,282.3567
2015-12-02 22:00:00,280.92377
2015-12-02 23:00:00,280.62436
2015-12-03 00:00:00,280.577
2015-12-03 01:00:00,280.5388
2015-12-03 02:00:00,280.2348
2015-12-03 03:00:00,280.32187
2015-12-03 04:00:00,279.85593
2015-12-03 05:00:00,287.46667
2015-12-03 06:00:00,289.3793
2015-12-03 07:00:00,289.85593
2015-12-03 08:00:00,292.78137
2015-12-03 09:00:00,292.69888
2015-12-03 10:00:00,290.97876
2015-12-03 11:00:00,290.8596
2015-12-03 12:00:00,290.92072
2015-12-03 13:00:00,290.8153
2015-12-03 14:00:00,287.53696
2015-12-03 15:00:00,287.9601
2015-12-03 16:00:00,287.925
2015-12-03 17:00:00,285.63504
2015-12-03 18:00:00,285.04996
2015-12-03 19:00:00,284.06766
2015-12-03 20:00:00,282.64694
2015-12-03 21:00:00,282.6042
2015-12-03 22:00:00,280.92682
2015-12-03 23:00:00,280.7038
2015-12-04 00:00:00,280.89932
2015-12-04 01:00:00,280.6274
2015-12-04 02:00:00,280.6549
2015-12-04 03:00:00,281.5608
2015-12-04 04:00:00,282.17645
2015-12-04 05:00:00,287.75848
2015-12-04 06:00:00,289.38235
2015-12-04 07:00:00,290.02094
2015-12-04 08:00:00,289.8972
2015-12-04 09:00:00,291.92743
2015-12-04 10:00:00,290.57086
2015-12-04 11:00:00,289.89566
2015-12-04 12:00:00,289.5611
2015-12-04 13:00:00,290.0026
2015-12-04 14:00:00,287.7218
2015-12-04 15:00:00,288.32828
2015-12-04 16:00:00,288.46884
2015-12-04 17:00:00,287.6103
2015-12-04 18:00:00,287.41168
2015-12-04 19:00:00,286.5944
2015-12-04 20:00:00,284.75357
2015-12-04 21:00:00,284.24335
2015-12-04 22:00:00,283.02277
2015-12-04 23:00:00,282.71265
2015-12-05 00:00:00,282.26047
2015-12-05 01:00:00,282.19476
2015-12-05 02:00:00,281.57608
2015-12-05 03:00:00,281.73038
2015-12-05 04:00:00,281.62955
2015-12-05 05:00:00,287.27725
2015-12-05 06:00:00,288.83392
2015-12-05 07:00:00,288.99588
2015-12-05 08:00:00,291.98853
2015-12-05 09:00:00,291.84036
2015-12-05 10:00:00,289.57178
2015-12-05 11:00:00,289.56262
2015-12-05 12:00:00,289.59012
2015-12-05 13:00:00,289.70163
2015-12-05 14:00:00,287.60114
2015-12-05 15:00:00,287.72943
2015-12-05 16:00:00,288.16177
2015-12-05 17:00:00,287.14435
2015-12-05 18:00:00,286.54706
2015-12-05 19:00:00,285.67783
2015-12-05 20:00:00,284.0417
2015-12-05 21:00:00,284.03864
2015-12-05 22:00:00,283.18774
2015-12-05 23:00:00,283.3329
2015-12-06 00:00:00,283.19995
2015-12-06 01:00:00,282.99527
2015-12-06 02:00:00,283.02734
2015-12-06 03:00:00,283.36343
2015-12-06 04:00:00,282.5889
2015-12-06 05:00:00,288.63077
2015-12-06 06:00:00,289.9323
2015-12-06 07:00:00,290.59225
2015-12-06 08:00:00,291.25677
2015-12-06 09:00:00,294.7872
2015-12-06 10:00:00,292.1688
2015-12-06 11:00:00,291.8419
2015-12-06 12:00:00,291.7548
2015-12-06 13:00:00,292.4621
2015-12-06 14:00:00,292.207
2015-12-06 15:00:00,287.30475
2015-12-06 16:00:00,287.26047
2015-12-06 17:00:00,286.30414
2015-12-06 18:00:00,285.85654
2015-12-06 19:00:00,284.88037
2015-12-06 20:00:00,283.94547
2015-12-06 21:00:00,281.11777
2015-12-06 22:00:00,281.0735
2015-12-06 23:00:00,280.9589
2015-12-07 00:00:00,280.5892
2015-12-07 01:00:00,280.522
2015-12-07 02:00:00,280.60602
2015-12-07 03:00:00,280.78018
2015-12-07 04:00:00,281.18958
2015-12-07 05:00:00,287.70502
2015-12-07 06:00:00,288.22745
2015-12-07 07:00:00,288.34967
2015-12-07 08:00:00,291.11472
2015-12-07 09:00:00,291.1972
2015-12-07 10:00:00,289.77496
2015-12-07 11:00:00,289.73065
2015-12-07 12:00:00,289.64053
2015-12-07 13:00:00,289.64816
2015-12-07 14:00:00,286.8816
2015-12-07 15:00:00,286.1697
2015-12-07 16:00:00,286.5119
2015-12-07 17:00:00,284.73068
2015-12-07 18:00:00,284.18225
2015-12-07 19:00:00,284.0096
2015-12-07 20:00:00,283.8828
2015-12-07 21:00:00,282.4453
2015-12-07 22:00:00,282.06186
2015-12-07 23:00:00,281.6769
2015-12-08 00:00:00,281.63107
2015-12-08 01:00:00,282.0313
2015-12-08 02:00:00,281.8984
2015-12-08 03:00:00,281.98242
2015-12-08 04:00:00,281.97784
2015-12-08 05:00:00,286.95187
2015-12-08 06:00:00,287.72485
2015-12-08 07:00:00,287.96777
2015-12-08 08:00:00,291.78076
2015-12-08 09:00:00,291.82965
2015-12-08 10:00:00,290.3402
2015-12-08 11:00:00,289.9094
2015-12-08 12:00:00,289.88342
2015-12-08 13:00:00,289.66498
2015-12-08 14:00:00,289.86664
2015-12-08 15:00:00,285.58615
2015-12-08 16:00:00,285.8321
2015-12-08 17:00:00,285.5556
2015-12-08 18:00:00,284.8483
2015-12-08 19:00:00,284.39307
2015-12-08 20:00:00,282.79208
2015-12-08 21:00:00,282.26962
2015-12-08 22:00:00,281.12543
2015-12-08 23:00:00,281.05362
2015-12-09 00:00:00,280.9757
2015-12-09 01:00:00,280.53116
2015-12-09 02:00:00,280.64114
2015-12-09 03:00:00,280.85806
2015-12-09 04:00:00,281.6387
2015-12-09 05:00:00,286.23083
2015-12-09 06:00:00,286.91522
2015-12-09 07:00:00,286.1132
2015-12-09 08:00:00,286.9702
2015-12-09 09:00:00,286.89536
2015-12-09 10:00:00,286.30566
2015-12-09 11:00:00,286.17123
2015-12-09 12:00:00,286.43246
2015-12-09 13:00:00,286.67535
2015-12-09 14:00:00,284.87732
2015-12-09 15:00:00,284.21432
2015-12-09 16:00:00,284.28
2015-12-09 17:00:00,283.7438
2015-12-09 18:00:00,283.77283
2015-12-09 19:00:00,283.67505
2015-12-09 20:00:00,283.65674
2015-12-09 21:00:00,283.36343
2015-12-09 22:00:00,282.4835
2015-12-09 23:00:00,282.50183
2015-12-10 00:00:00,282.6668
2015-12-10 01:00:00,282.60724
2015-12-10 02:00:00,282.88525
2015-12-10 03:00:00,282.87305
2015-12-10 04:00:00,282.63474
2015-12-10 05:00:00,283.15567
2015-12-10 06:00:00,283.62924
2015-12-10 07:00:00,283.52383
2015-12-10 08:00:00,283.23053
2015-12-10 09:00:00,283.39398
2015-12-10 10:00:00,282.87152
2015-12-10 11:00:00,283.0151
2015-12-10 12:00:00,283.13428
2015-12-10 13:00:00,283.3894
2015-12-10 14:00:00,282.3796
2015-12-10 15:00:00,282.042
2015-12-10 16:00:00,281.96103
2015-12-10 17:00:00,280.9253
2015-12-10 18:00:00,280.42422
2015-12-10 19:00:00,280.2562
2015-12-10 20:00:00,279.15933
2015-12-10 21:00:00,279.3121
2015-12-10 22:00:00,279.27695
2015-12-10 23:00:00,279.31668
2015-12-11 00:00:00,278.50702
2015-12-11 01:00:00,278.94852
2015-12-11 02:00:00,278.7499
2015-12-11 03:00:00,278.9867
2015-12-11 04:00:00,279.07684
2015-12-11 05:00:00,281.8923
2015-12-11 06:00:00,282.77832
2015-12-11 07:00:00,283.10373
2015-12-11 08:00:00,284.7368
2015-12-11 09:00:00,284.62527
2015-12-11 10:00:00,283.99588
2015-12-11 11:00:00,283.92865
2015-12-11 12:00:00,284.3182
2015-12-11 13:00:00,284.28918
2015-12-11 14:00:00,283.67505
2015-12-11 15:00:00,282.87457
2015-12-11 16:00:00,282.62558
2015-12-11 17:00:00,281.0093
2015-12-11 18:00:00,280.44257
2015-12-11 19:00:00,279.65735
2015-12-11 20:00:00,278.90573
2015-12-11 21:00:00,277.84555
2015-12-11 22:00:00,277.38574
2015-12-11 23:00:00,277.31546
2015-12-12 00:00:00,277.10922
2015-12-12 01:00:00,276.7502
2015-12-12 02:00:00,276.07196
2015-12-12 03:00:00,276.4111
2015-12-12 04:00:00,277.83334
2015-12-12 05:00:00,282.36435
2015-12-12 06:00:00,283.69186
2015-12-12 07:00:00,284.18378
2015-12-12 08:00:00,287.43307
2015-12-12 09:00:00,287.89597
2015-12-12 10:00:00,287.27267
2015-12-12 11:00:00,287.5064
2015-12-12 12:00:00,286.44623
2015-12-12 13:00:00,286.79758
2015-12-12 14:00:00,284.93384
2015-12-12 15:00:00,283.0915
2015-12-12 16:00:00,282.5828
2015-12-12 17:00:00,280.39673
2015-12-12 18:00:00,279.9323
2015-12-12 19:00:00,279.51834
2015-12-12 20:00:00,278.67047
2015-12-12 21:00:00,278.28552
2015-12-12 22:00:00,278.07623
2015-12-12 23:00:00,278.05026
2015-12-13 00:00:00,277.95248
2015-12-13 01:00:00,277.66833
2015-12-13 02:00:00,277.7875
2015-12-13 03:00:00,278.44745
2015-12-13 04:00:00,277.79056
2015-12-13 05:00:00,281.9962
2015-12-13 06:00:00,283.74686
2015-12-13 07:00:00,284.20975
2015-12-13 08:00:00,287.0695
2015-12-13 09:00:00,287.1963
2015-12-13 10:00:00,286.2965
2015-12-13 11:00:00,286.64633
2015-12-13 12:00:00,286.69064
2015-12-13 13:00:00,286.4844
2015-12-13 14:00:00,283.48868
2015-12-13 15:00:00,283.13733
2015-12-13 16:00:00,282.13824
2015-12-13 17:00:00,280.21188
2015-12-13 18:00:00,279.778
2015-12-13 19:00:00,279.59317
2015-12-13 20:00:00,278.38022
2015-12-13 21:00:00,278.30383
2015-12-13 22:00:00,277.53696
2015-12-13 23:00:00,277.4453
2015-12-14 00:00:00,277.64236
2015-12-14 01:00:00,277.68515
2015-12-14 02:00:00,277.46365
2015-12-14 03:00:00,277.33075
2015-12-14 04:00:00,277.48502
2015-12-14 05:00:00,283.11594
2015-12-14 06:00:00,284.00504
2015-12-14 07:00:00,284.97815
2015-12-14 08:00:00,287.7035
2015-12-14 09:00:00,288.19537
2015-12-14 10:00:00,286.7823
2015-12-14 11:00:00,287.00687
2015-12-14 12:00:00,287.9693
2015-12-14 13:00:00,287.71265
2015-12-14 14:00:00,284.3014
2015-12-14 15:00:00,282.8868
2015-12-14 16:00:00,281.09793
2015-12-14 17:00:00,279.62067
2015-12-14 18:00:00,279.81775
2015-12-14 19:00:00,279.32126
2015-12-14 20:00:00,278.0304
2015-12-14 21:00:00,277.23602
2015-12-14 22:00:00,276.90298
2015-12-14 23:00:00,276.86633
2015-12-15 00:00:00,277.02368
2015-12-15 01:00:00,277.0466
2015-12-15 02:00:00,276.47983
2015-12-15 03:00:00,276.55927
2015-12-15 04:00:00,277.19324
2015-12-15 05:00:00,282.5996
2015-12-15 06:00:00,283.89658
2015-12-15 07:00:00,284.65887
2015-12-15 08:00:00,287.8333
2015-12-15 09:00:00,287.96317
2015-12-15 10:00:00,286.64175
2015-12-15 11:00:00,286.4233
2015-12-15 12:00:00,287.52933
2015-12-15 13:00:00,287.78903
2015-12-15 14:00:00,284.56873
2015-12-15 15:00:00,281.89078
2015-12-15 16:00:00,280.80615
2015-12-15 17:00:00,279.50458
2015-12-15 18:00:00,279.19598
2015-12-15 19:00:00,278.93936
2015-12-15 20:00:00,277.63626
2015-12-15 21:00:00,277.48962
2015-12-15 22:00:00,276.02612
2015-12-15 23:00:00,275.8581
2015-12-16 00:00:00,276.38205
2015-12-16 01:00:00,276.32858
2015-12-16 02:00:00,276.42026
2015-12-16 03:00:00,276.73343
2015-12-16 04:00:00,276.3943
2015-12-16 05:00:00,282.47128
2015-12-16 06:00:00,284.08905
2015-12-16 07:00:00,285.5984
2015-12-16 08:00:00,288.10068
2015-12-16 09:00:00,287.9265
2015-12-16 10:00:00,286.33316
2015-12-16 11:00:00,286.51343
2015-12-16 12:00:00,286.17276
2015-12-16 13:00:00,286.55927
2015-12-16 14:00:00,284.6879
2015-12-16 15:00:00,284.3304
2015-12-16 16:00:00,283.43982
2015-12-16 17:00:00,282.45294
2015-12-16 18:00:00,282.01297
2015-12-16 19:00:00,281.4508
2015-12-16 20:00:00,280.52505
2015-12-16 21:00:00,278.48563
2015-12-16 22:00:00,277.42392
2015-12-16 23:00:00,277.4499
2015-12-17 00:00:00,278.0243
2015-12-17 01:00:00,278.15414
2015-12-17 02:00:00,278.19998
2015-12-17 03:00:00,278.71326
2015-12-17 04:00:00,278.5773
2015-12-17 05:00:00,283.60785
2015-12-17 06:00:00,284.53818
2015-12-17 07:00:00,284.72455
2015-12-17 08:00:00,287.3231
2015-12-17 09:00:00,287.0038
2015-12-17 10:00:00,285.74045
2015-12-17 11:00:00,285.77863
2015-12-17 12:00:00,286.15445
2015-12-17 13:00:00,286.32706
2015-12-17 14:00:00,285.97876
2015-12-17 15:00:00,280.78934
2015-12-17 16:00:00,278.88437
2015-12-17 17:00:00,278.38327
2015-12-17 18:00:00,278.8477
2015-12-17 19:00:00,278.06552
2015-12-17 20:00:00,276.88315
2015-12-17 21:00:00,276.6601
2015-12-17 22:00:00,276.0643
2015-12-17 23:00:00,275.88864
2015-12-18 00:00:00,276.0796
2015-12-18 01:00:00,275.97723
2015-12-18 02:00:00,275.85962
2015-12-18 03:00:00,276.17737
2015-12-18 04:00:00,275.40283
2015-12-18 05:00:00,281.84036
2015-12-18 06:00:00,282.6729
2015-12-18 07:00:00,283.53146
2015-12-18 08:00:00,286.86633
2015-12-18 09:00:00,286.84036
2015-12-18 10:00:00,286.20792
2015-12-18 11:00:00,286.16818
2015-12-18 12:00:00,286.848
2015-12-18 13:00:00,286.9748
2015-12-18 14:00:00,284.45874
2015-12-18 15:00:00,283.21982
2015-12-18 16:00:00,280.7099
2015-12-18 17:00:00,278.3298
2015-12-18 18:00:00,278.3023
2015-12-18 19:00:00,278.27023
2015-12-18 20:00:00,277.4346
2015-12-18 21:00:00,277.3338
2015-12-18 22:00:00,276.1086
2015-12-18 23:00:00,275.99252
2015-12-19 00:00:00,276.03375
2015-12-19 01:00:00,276.03223
2015-12-19 02:00:00,275.8642
2015-12-19 03:00:00,276.09027
2015-12-19 04:00:00,275.3127
2015-12-19 05:00:00,281.48593
2015-12-19 06:00:00,282.55682
2015-12-19 07:00:00,283.5712
2015-12-19 08:00:00,287.55377
2015-12-19 09:00:00,287.62097
2015-12-19 10:00:00,285.9146
2015-12-19 11:00:00,285.9253
2015-12-19 12:00:00,286.38205
2015-12-19 13:00:00,286.76398
2015-12-19 14:00:00,285.4288
2015-12-19 15:00:00,281.58524
2015-12-19 16:00:00,281.2018
2015-12-19 17:00:00,279.4618
2015-12-19 18:00:00,278.7652
2015-12-19 19:00:00,278.48105
2015-12-19 20:00:00,279.34875
2015-12-19 21:00:00,278.46884
2015-12-19 22:00:00,277.63168
2015-12-19 23:00:00,277.75082
2015-12-20 00:00:00,277.65308
2015-12-20 01:00:00,277.33838
2015-12-20 02:00:00,277.28644
2015-12-20 03:00:00,277.74777
2015-12-20 04:00:00,277.24823
2015-12-20 05:00:00,282.66528
2015-12-20 06:00:00,283.24274
2015-12-20 07:00:00,283.57425
2015-12-20 08:00:00,284.54123
2015-12-20 09:00:00,286.45233
2015-12-20 10:00:00,286.18652
2015-12-20 11:00:00,286.33163
2015-12-20 12:00:00,287.45752
2015-12-20 13:00:00,287.58585
2015-12-20 14:00:00,285.96655
2015-12-20 15:00:00,282.2956
2015-12-20 16:00:00,279.99496
2015-12-20 17:00:00,278.2626
2015-12-20 18:00:00,277.29712
2015-12-20 19:00:00,276.59747
2015-12-20 20:00:00,275.70685
2015-12-20 21:00:00,275.36465
2015-12-20 22:00:00,275.6045
2015-12-20 23:00:00,275.56018
2015-12-21 00:00:00,275.84433
2015-12-21 01:00:00,275.76642
2015-12-21 02:00:00,275.467
2015-12-21 03:00:00,275.8092
2015-12-21 04:00:00,279.5886
2015-12-21 05:00:00,282.17337
2015-12-21 06:00:00,282.82263
2015-12-21 07:00:00,283.85226
2015-12-21 08:00:00,287.3949
2015-12-21 09:00:00,287.22684
2015-12-21 10:00:00,285.42422
2015-12-21 11:00:00,285.97113
2015-12-21 12:00:00,285.577
2015-12-21 13:00:00,285.80154
2015-12-21 14:00:00,284.1364
2015-12-21 15:00:00,283.32065
2015-12-21 16:00:00,282.28644
2015-12-21 17:00:00,280.36465
2015-12-21 18:00:00,280.03467
2015-12-21 19:00:00,279.72763
2015-12-21 20:00:00,278.28094
2015-12-21 21:00:00,278.2565
2015-12-21 22:00:00,277.22534
2015-12-21 23:00:00,277.1795
2015-12-22 00:00:00,277.28186
2015-12-22 01:00:00,277.3231
2015-12-22 02:00:00,277.6821
2015-12-22 03:00:00,277.78445
2015-12-22 04:00:00,278.26566
2015-12-22 05:00:00,282.35822
2015-12-22 06:00:00,282.207
2015-12-22 07:00:00,282.30322
2015-12-22 08:00:00,283.8538
2015-12-22 09:00:00,283.79575
2015-12-22 10:00:00,282.42087
2015-12-22 11:00:00,282.0084
2015-12-22 12:00:00,281.9137
2015-12-22 13:00:00,281.83884
2015-12-22 14:00:00,281.1575
2015-12-22 15:00:00,279.361
2015-12-22 16:00:00,279.02185
2015-12-22 17:00:00,278.6888
2015-12-22 18:00:00,278.9424
2015-12-22 19:00:00,278.64758
2015-12-22 20:00:00,278.03497
2015-12-22 21:00:00,277.97388
2015-12-22 22:00:00,278.16177
2015-12-22 23:00:00,277.85623
2015-12-23 00:00:00,277.4392
2015-12-23 01:00:00,277.07715
2015-12-23 02:00:00,276.8373
2015-12-23 03:00:00,276.5562
2015-12-23 04:00:00,276.23846
2015-12-23 05:00:00,280.23328
2015-12-23 06:00:00,280.43643
2015-12-23 07:00:00,280.51895
2015-12-23 08:00:00,281.08264
2015-12-23 09:00:00,283.37717
2015-12-23 10:00:00,282.44836
2015-12-23 11:00:00,282.68515
2015-12-23 12:00:00,282.67752
2015-12-23 13:00:00,283.30997
2015-12-23 14:00:00,282.0252
2015-12-23 15:00:00,281.62802
2015-12-23 16:00:00,280.14313
2015-12-23 17:00:00,277.79056
2015-12-23 18:00:00,276.94882
2015-12-23 19:00:00,276.77008
2015-12-23 20:00:00,275.76642
2015-12-23 21:00:00,275.6442
2015-12-23 22:00:00,274.9812
2015-12-23 23:00:00,274.87732
2015-12-24 00:00:00,274.78873
2015-12-24 01:00:00,274.46027
2015-12-24 02:00:00,274.3732
2015-12-24 03:00:00,274.7658
2015-12-24 04:00:00,274.69247
2015-12-24 05:00:00,280.5281
2015-12-24 06:00:00,281.6173
2015-12-24 07:00:00,282.32767
2015-12-24 08:00:00,282.9754
2015-12-24 09:00:00,285.9971
2015-12-24 10:00:00,285.16147
2015-12-24 11:00:00,285.28674
2015-12-24 12:00:00,287.07867
2015-12-24 13:00:00,286.7823
2015-12-24 14:00:00,283.92102
2015-12-24 15:00:00,282.30936
2015-12-24 16:00:00,280.63504
2015-12-24 17:00:00,278.60938
2015-12-24 18:00:00,278.26718
2015-12-24 19:00:00,277.9693
2015-12-24 20:00:00,276.44165
2015-12-24 21:00:00,275.9253
2015-12-24 22:00:00,274.75055
2015-12-24 23:00:00,274.56567
2015-12-25 00:00:00,274.5489
2015-12-25 01:00:00,275.0591
2015-12-25 02:00:00,275.936
2015-12-25 03:00:00,276.14526
2015-12-25 04:00:00,276.56537
2015-12-25 05:00:00,281.3622
2015-12-25 06:00:00,282.676
2015-12-25 07:00:00,282.9143
2015-12-25 08:00:00,286.09637
2015-12-25 09:00:00,286.04752
2015-12-25 10:00:00,285.95584
2015-12-25 11:00:00,286.40344
2015-12-25 12:00:00,286.8266
2015-12-25 13:00:00,286.8709
2015-12-25 14:00:00,283.8141
2015-12-25 15:00:00,283.9042
2015-12-25 16:00:00,283.25037
2015-12-25 17:00:00,280.22562
2015-12-25 18:00:00,279.33197
2015-12-25 19:00:00,278.44897
2015-12-25 20:00:00,277.60266
2015-12-25 21:00:00,277.63168
2015-12-25 22:00:00,276.9412
2015-12-25 23:00:00,277.21768
2015-12-26 00:00:00,277.10464
2015-12-26 01:00:00,277.09396
2015-12-26 02:00:00,278.47342
2015-12-26 03:00:00,278.74228
2015-12-26 04:00:00,278.34967
2015-12-26 05:00:00,281.27664
2015-12-26 06:00:00,282.21768
2015-12-26 07:00:00,283.21066
2015-12-26 08:00:00,285.17062
2015-12-26 09:00:00,285.5052
2015-12-26 10:00:00,283.63535
2015-12-26 11:00:00,283.74838
2015-12-26 12:00:00,284.88647
2015-12-26 13:00:00,285.1019
2015-12-26 14:00:00,283.52536
2015-12-26 15:00:00,283.69186
2015-12-26 16:00:00,283.48105
2015-12-26 17:00:00,282.30627
2015-12-26 18:00:00,282.2559
2015-12-26 19:00:00,281.90756
2015-12-26 20:00:00,280.76337
2015-12-26 21:00:00,280.75574
2015-12-26 22:00:00,280.24854
2015-12-26 23:00:00,280.45477
2015-12-27 00:00:00,280.64114
2015-12-27 01:00:00,280.5388
2015-12-27 02:00:00,280.30966
2015-12-27 03:00:00,281.72424
2015-12-27 04:00:00,283.4169
2015-12-27 05:00:00,284.34875
2015-12-27 06:00:00,284.72455
2015-12-27 07:00:00,285.1569
2015-12-27 08:00:00,288.8828
2015-12-27 09:00:00,288.9256
2015-12-27 10:00:00,288.34204
2015-12-27 11:00:00,288.52536
2015-12-27 12:00:00,289.60236
2015-12-27 13:00:00,290.10037
2015-12-27 14:00:00,287.2803
2015-12-27 15:00:00,287.19934
2015-12-27 16:00:00,286.97937
2015-12-27 17:00:00,284.0081
2015-12-27 18:00:00,282.92346
2015-12-27 19:00:00,282.58432
2015-12-27 20:00:00,281.34387
2015-12-27 21:00:00,281.28888
2015-12-27 22:00:00,280.04843
2015-12-27 23:00:00,280.1859
2015-12-28 00:00:00,280.4395
2015-12-28 01:00:00,280.35547
2015-12-28 02:00:00,280.5342
2015-12-28 03:00:00,279.98425
2015-12-28 04:00:00,280.0194
2015-12-28 05:00:00,286.12848
2015-12-28 06:00:00,286.53787
2015-12-28 07:00:00,286.61578
2015-12-28 08:00:00,290.56934
2015-12-28 09:00:00,290.84738
2015-12-28 10:00:00,289.2617
2015-12-28 11:00:00,289.3854
2015-12-28 12:00:00,290.3952
2015-12-28 13:00:00,290.70224
2015-12-28 14:00:00,287.75235
2015-12-28 15:00:00,286.1575
2015-12-28 16:00:00,284.8208
2015-12-28 17:00:00,282.01144
2015-12-28 18:00:00,281.32706
2015-12-28 19:00:00,281.14526
2015-12-28 20:00:00,279.2281
2015-12-28 21:00:00,278.8477
2015-12-28 22:00:00,277.55682
2015-12-28 23:00:00,277.1413
2015-12-29 00:00:00,276.987
2015-12-29 01:00:00,276.85718
2015-12-29 02:00:00,276.95798
2015-12-29 03:00:00,277.01605
2015-12-29 04:00:00,277.63474
2015-12-29 05:00:00,285.9146
2015-12-29 06:00:00,286.95035
2015-12-29 07:00:00,287.5614
2015-12-29 08:00:00,288.13123
2015-12-29 09:00:00,291.48135
2015-12-29 10:00:00,289.71234
2015-12-29 11:00:00,289.99496
2015-12-29 12:00:00,290.6992
2015-12-29 13:00:00,290.34784
2015-12-29 14:00:00,288.11136
2015-12-29 15:00:00,286.38663
2015-12-29 16:00:00,284.95065
2015-12-29 17:00:00,282.46518
2015-12-29 18:00:00,281.49512
2015-12-29 19:00:00,281.27512
2015-12-29 20:00:00,279.66345
2015-12-29 21:00:00,279.53665
2015-12-29 22:00:00,277.78903
2015-12-29 23:00:00,277.60266
2015-12-30 00:00:00,277.65002
2015-12-30 01:00:00,277.2895
2015-12-30 02:00:00,277.0802
2015-12-30 03:00:00,276.80676
2015-12-30 04:00:00,277.53696
2015-12-30 05:00:00,285.42422
2015-12-30 06:00:00,286.7777
2015-12-30 07:00:00,287.0527
2015-12-30 08:00:00,290.85806
2015-12-30 09:00:00,291.2064
2015-12-30 10:00:00,289.35333
2015-12-30 11:00:00,289.6772
2015-12-30 12:00:00,290.8214
2015-12-30 13:00:00,290.89627
2015-12-30 14:00:00,287.60876
2015-12-30 15:00:00,285.2562
2015-12-30 16:00:00,283.672
2015-12-30 17:00:00,281.5608
2015-12-30 18:00:00,281.07043
2015-12-30 19:00:00,280.62436
2015-12-30 20:00:00,279.17154
2015-12-30 21:00:00,278.45355
2015-12-30 22:00:00,277.14587
2015-12-30 23:00:00,276.92438
2015-12-31 00:00:00,276.6112
2015-12-31 01:00:00,276.31332
2015-12-31 02:00:00,276.30417
2015-12-31 03:00:00,276.86786
2015-12-31 04:00:00,277.47128
2015-12-31 05:00:00,284.55957
2015-12-31 06:00:00,286.20944
2015-12-31 07:00:00,287.92957
2015-12-31 08:00:00,290.61517
2015-12-31 09:00:00,291.28735
2015-12-31 10:00:00,289.78568
2015-12-31 11:00:00,290.0927
2015-12-31 12:00:00,291.01083
2015-12-31 13:00:00,291.36066
2015-12-31 14:00:00,287.12296
2015-12-31 15:00:00,286.34387
2015-12-31 16:00:00,285.56018
2015-12-31 17:00:00,283.0533
2015-12-31 18:00:00,282.45294
2015-12-31 19:00:00,282.18408
2015-12-31 20:00:00,280.91156
2015-12-31 21:00:00,280.4441
2015-12-31 22:00:00,278.33136
2015-12-31 23:00:00,278.27023
